339.23	0.000e+000
339.61	4.600e+001
339.99	4.700e+001
340.36	4.700e+001
340.74	4.500e+001
341.11	4.700e+001
341.49	4.800e+001
341.86	4.200e+001
342.23	4.700e+001
342.61	4.400e+001
342.98	4.800e+001
343.36	4.500e+001
343.73	4.300e+001
344.11	4.400e+001
344.48	4.800e+001
344.86	4.300e+001
345.23	4.200e+001
345.61	4.400e+001
345.98	4.600e+001
346.36	4.200e+001
346.73	4.700e+001
347.11	4.300e+001
347.48	4.500e+001
347.85	4.300e+001
348.23	5.000e+001
348.60	5.000e+001
348.98	5.000e+001
349.35	5.000e+001
349.73	5.000e+001
350.10	4.400e+001
350.47	4.700e+001
350.85	4.900e+001
351.22	4.400e+001
351.60	5.400e+001
351.97	4.900e+001
352.35	4.900e+001
352.72	4.900e+001
353.09	4.700e+001
353.47	4.900e+001
353.84	4.900e+001
354.22	4.700e+001
354.59	5.100e+001
354.96	4.900e+001
355.34	4.900e+001
355.71	4.800e+001
356.08	5.000e+001
356.46	4.600e+001
356.83	5.100e+001
357.21	4.500e+001
357.58	4.700e+001
357.95	4.600e+001
358.33	4.500e+001
358.70	5.200e+001
359.07	4.900e+001
359.45	4.600e+001
359.82	4.900e+001
360.19	4.200e+001
360.57	4.900e+001
360.94	4.800e+001
361.31	4.900e+001
361.69	4.800e+001
362.06	5.100e+001
362.43	4.800e+001
362.81	5.500e+001
363.18	4.800e+001
363.55	5.100e+001
363.93	5.100e+001
364.30	4.800e+001
364.67	4.400e+001
365.04	5.200e+001
365.42	5.300e+001
365.79	5.000e+001
366.16	5.400e+001
366.54	4.700e+001
366.91	5.200e+001
367.28	5.000e+001
367.66	4.800e+001
368.03	4.600e+001
368.40	4.300e+001
368.77	4.600e+001
369.15	5.600e+001
369.52	5.000e+001
369.89	4.500e+001
370.26	4.900e+001
370.64	5.000e+001
371.01	4.800e+001
371.38	4.800e+001
371.75	5.000e+001
372.13	5.300e+001
372.50	4.700e+001
372.87	5.200e+001
373.24	4.200e+001
373.61	5.300e+001
373.99	4.800e+001
374.36	5.700e+001
374.73	5.200e+001
375.10	4.400e+001
375.48	5.200e+001
375.85	5.200e+001
376.22	5.300e+001
376.59	5.100e+001
376.96	4.700e+001
377.34	5.200e+001
377.71	5.100e+001
378.08	4.400e+001
378.45	4.700e+001
378.82	5.400e+001
379.19	4.700e+001
379.57	5.000e+001
379.94	5.700e+001
380.31	5.000e+001
380.68	5.000e+001
381.05	4.700e+001
381.42	4.600e+001
381.80	4.500e+001
382.17	5.200e+001
382.54	5.200e+001
382.91	5.200e+001
383.28	5.100e+001
383.65	4.800e+001
384.03	4.800e+001
384.40	5.100e+001
384.77	5.100e+001
385.14	5.000e+001
385.51	5.200e+001
385.88	4.800e+001
386.25	5.300e+001
386.62	4.800e+001
386.99	5.600e+001
387.37	4.700e+001
387.74	5.600e+001
388.11	5.500e+001
388.48	5.100e+001
388.85	4.500e+001
389.22	5.200e+001
389.59	5.200e+001
389.96	5.000e+001
390.33	5.300e+001
390.70	4.800e+001
391.07	4.900e+001
391.45	5.300e+001
391.82	5.300e+001
392.19	5.400e+001
392.56	5.300e+001
392.93	5.400e+001
393.30	5.400e+001
393.67	5.200e+001
394.04	6.100e+001
394.41	6.000e+001
394.78	5.100e+001
395.15	5.300e+001
395.52	5.300e+001
395.89	4.700e+001
396.26	4.600e+001
396.63	5.100e+001
397.00	4.900e+001
397.37	5.200e+001
397.74	5.000e+001
398.11	5.500e+001
398.48	5.500e+001
398.85	5.700e+001
399.22	5.100e+001
399.59	5.800e+001
399.96	5.700e+001
400.33	4.700e+001
400.70	5.200e+001
401.07	5.100e+001
401.44	5.000e+001
401.81	5.400e+001
402.18	5.000e+001
402.55	5.500e+001
402.92	5.600e+001
403.29	5.300e+001
403.66	5.600e+001
404.03	5.600e+001
404.40	5.200e+001
404.77	5.700e+001
405.14	5.100e+001
405.51	4.900e+001
405.88	5.800e+001
406.25	5.500e+001
406.62	5.800e+001
406.98	5.800e+001
407.35	5.400e+001
407.72	6.000e+001
408.09	5.100e+001
408.46	5.100e+001
408.83	5.800e+001
409.20	5.000e+001
409.57	5.300e+001
409.94	5.700e+001
410.31	5.600e+001
410.68	5.700e+001
411.04	5.000e+001
411.41	5.000e+001
411.78	5.200e+001
412.15	5.800e+001
412.52	6.200e+001
412.89	5.900e+001
413.26	5.800e+001
413.63	5.900e+001
413.99	5.900e+001
414.36	5.800e+001
414.73	5.400e+001
415.10	6.000e+001
415.47	5.700e+001
415.84	5.500e+001
416.21	6.000e+001
416.57	5.700e+001
416.94	5.600e+001
417.31	5.600e+001
417.68	5.300e+001
418.05	6.200e+001
418.42	6.000e+001
418.78	5.900e+001
419.15	6.100e+001
419.52	6.000e+001
419.89	6.500e+001
420.26	6.600e+001
420.63	5.800e+001
420.99	6.000e+001
421.36	6.900e+001
421.73	6.800e+001
422.10	7.200e+001
422.46	7.200e+001
422.83	7.600e+001
423.20	8.300e+001
423.57	9.100e+001
423.94	1.000e+002
424.30	1.010e+002
424.67	1.030e+002
425.04	1.140e+002
425.41	1.260e+002
425.77	1.320e+002
426.14	1.420e+002
426.51	1.460e+002
426.88	1.620e+002
427.24	1.690e+002
427.61	1.850e+002
427.98	1.970e+002
428.35	2.120e+002
428.71	2.370e+002
429.08	2.460e+002
429.45	2.490e+002
429.82	2.760e+002
430.18	2.990e+002
430.55	3.160e+002
430.92	3.170e+002
431.28	3.380e+002
431.65	3.650e+002
432.02	3.740e+002
432.38	3.870e+002
432.75	4.120e+002
433.12	4.400e+002
433.49	4.440e+002
433.85	4.690e+002
434.22	4.790e+002
434.59	5.240e+002
434.95	5.280e+002
435.32	5.530e+002
435.69	5.870e+002
436.05	5.980e+002
436.42	6.220e+002
436.79	6.390e+002
437.15	6.530e+002
437.52	6.840e+002
437.89	6.730e+002
438.25	6.940e+002
438.62	7.490e+002
438.98	7.940e+002
439.35	7.720e+002
439.72	7.830e+002
440.08	8.450e+002
440.45	8.600e+002
440.82	8.930e+002
441.18	9.230e+002
441.55	9.400e+002
441.91	9.600e+002
442.28	1.014e+003
442.65	1.029e+003
443.01	1.037e+003
443.38	1.081e+003
443.74	1.090e+003
444.11	1.131e+003
444.48	1.182e+003
444.84	1.191e+003
445.21	1.223e+003
445.57	1.293e+003
445.94	1.293e+003
446.30	1.303e+003
446.67	1.360e+003
447.03	1.324e+003
447.40	1.349e+003
447.77	1.445e+003
448.13	1.451e+003
448.50	1.488e+003
448.86	1.505e+003
449.23	1.528e+003
449.59	1.545e+003
449.96	1.576e+003
450.32	1.642e+003
450.69	1.623e+003
451.05	1.682e+003
451.42	1.620e+003
451.78	1.692e+003
452.15	1.746e+003
452.51	1.855e+003
452.88	1.745e+003
453.24	1.841e+003
453.61	1.831e+003
453.97	1.819e+003
454.34	1.873e+003
454.70	1.965e+003
455.07	1.928e+003
455.43	1.966e+003
455.80	1.915e+003
456.16	1.995e+003
456.53	1.993e+003
456.89	2.015e+003
457.26	2.008e+003
457.62	1.956e+003
457.99	2.037e+003
458.35	2.127e+003
458.71	2.150e+003
459.08	2.142e+003
459.44	2.186e+003
459.81	2.164e+003
460.17	2.220e+003
460.54	2.261e+003
460.90	2.251e+003
461.26	2.244e+003
461.63	2.161e+003
461.99	2.296e+003
462.36	2.312e+003
462.72	2.265e+003
463.08	2.269e+003
463.45	2.392e+003
463.81	2.430e+003
464.18	2.410e+003
464.54	2.365e+003
464.90	2.340e+003
465.27	2.375e+003
465.63	2.424e+003
466.00	2.402e+003
466.36	2.487e+003
466.72	2.462e+003
467.09	2.490e+003
467.45	2.451e+003
467.81	2.515e+003
468.18	2.535e+003
468.54	2.545e+003
468.90	2.587e+003
469.27	2.543e+003
469.63	2.567e+003
469.99	2.589e+003
470.36	2.554e+003
470.72	2.621e+003
471.08	2.542e+003
471.45	2.686e+003
471.81	2.614e+003
472.17	2.642e+003
472.54	2.615e+003
472.90	2.619e+003
473.26	2.599e+003
473.63	2.680e+003
473.99	2.725e+003
474.35	2.645e+003
474.71	2.681e+003
475.08	2.733e+003
475.44	2.728e+003
475.80	2.719e+003
476.17	2.687e+003
476.53	2.742e+003
476.89	2.785e+003
477.25	2.768e+003
477.62	2.685e+003
477.98	2.794e+003
478.34	2.746e+003
478.70	2.743e+003
479.07	2.728e+003
479.43	2.731e+003
479.79	2.808e+003
480.15	2.799e+003
480.51	2.774e+003
480.88	2.732e+003
481.24	2.774e+003
481.60	2.779e+003
481.96	2.733e+003
482.33	2.761e+003
482.69	2.759e+003
483.05	2.726e+003
483.41	2.745e+003
483.77	2.731e+003
484.14	2.712e+003
484.50	2.723e+003
484.86	2.710e+003
485.22	2.681e+003
485.58	2.671e+003
485.94	2.694e+003
486.31	2.677e+003
486.67	2.673e+003
487.03	2.666e+003
487.39	2.672e+003
487.75	2.646e+003
488.11	2.633e+003
488.48	2.630e+003
488.84	2.596e+003
489.20	2.579e+003
489.56	2.555e+003
489.92	2.553e+003
490.28	2.516e+003
490.64	2.498e+003
491.01	2.524e+003
491.37	2.515e+003
491.73	2.464e+003
492.09	2.435e+003
492.45	2.438e+003
492.81	2.443e+003
493.17	2.374e+003
493.53	2.403e+003
493.89	2.385e+003
494.25	2.337e+003
494.62	2.334e+003
494.98	2.311e+003
495.34	2.297e+003
495.70	2.293e+003
496.06	2.231e+003
496.42	2.233e+003
496.78	2.222e+003
497.14	2.186e+003
497.50	2.178e+003
497.86	2.163e+003
498.22	2.147e+003
498.58	2.126e+003
498.94	2.116e+003
499.30	2.079e+003
499.66	2.066e+003
500.02	2.043e+003
500.38	2.022e+003
500.74	2.035e+003
501.10	1.961e+003
501.46	1.976e+003
501.82	1.954e+003
502.18	1.922e+003
502.54	1.923e+003
502.90	1.871e+003
503.26	1.863e+003
503.62	1.838e+003
503.98	1.806e+003
504.34	1.812e+003
504.70	1.807e+003
505.06	1.758e+003
505.42	1.746e+003
505.78	1.714e+003
506.14	1.706e+003
506.50	1.691e+003
506.86	1.669e+003
507.22	1.664e+003
507.58	1.632e+003
507.94	1.601e+003
508.30	1.588e+003
508.66	1.585e+003
509.02	1.586e+003
509.38	1.531e+003
509.74	1.525e+003
510.10	1.500e+003
510.46	1.500e+003
510.81	1.461e+003
511.17	1.439e+003
511.53	1.430e+003
511.89	1.407e+003
512.25	1.400e+003
512.61	1.408e+003
512.97	1.363e+003
513.33	1.361e+003
513.69	1.333e+003
514.05	1.316e+003
514.40	1.296e+003
514.76	1.283e+003
515.12	1.266e+003
515.48	1.267e+003
515.84	1.222e+003
516.20	1.229e+003
516.56	1.217e+003
516.91	1.207e+003
517.27	1.190e+003
517.63	1.181e+003
517.99	1.169e+003
518.35	1.161e+003
518.71	1.143e+003
519.07	1.130e+003
519.42	1.124e+003
519.78	1.108e+003
520.14	1.088e+003
520.50	1.078e+003
520.86	1.070e+003
521.21	1.055e+003
521.57	1.041e+003
521.93	1.028e+003
522.29	1.023e+003
522.65	1.010e+003
523.00	1.011e+003
523.36	9.840e+002
523.72	9.820e+002
524.08	9.810e+002
524.43	9.800e+002
524.79	9.540e+002
525.15	9.450e+002
525.51	9.540e+002
525.87	9.230e+002
526.22	9.150e+002
526.58	9.050e+002
526.94	8.970e+002
527.30	8.680e+002
527.65	8.760e+002
528.01	8.790e+002
528.37	8.670e+002
528.72	8.560e+002
529.08	8.590e+002
529.44	8.320e+002
529.80	8.320e+002
530.15	8.120e+002
530.51	8.020e+002
530.87	7.880e+002
531.22	7.930e+002
531.58	7.750e+002
531.94	7.680e+002
532.30	7.630e+002
532.65	7.540e+002
533.01	7.550e+002
533.37	7.410e+002
533.72	7.380e+002
534.08	7.140e+002
534.44	7.030e+002
534.79	6.920e+002
535.15	6.860e+002
535.51	6.800e+002
535.86	6.900e+002
536.22	6.600e+002
536.57	6.580e+002
536.93	6.610e+002
537.29	6.470e+002
537.64	6.270e+002
538.00	6.320e+002
538.36	6.420e+002
538.71	6.060e+002
539.07	6.080e+002
539.42	6.070e+002
539.78	5.960e+002
540.14	5.860e+002
540.49	5.840e+002
540.85	5.690e+002
541.20	5.590e+002
541.56	5.740e+002
541.92	5.500e+002
542.27	5.400e+002
542.63	5.590e+002
542.98	5.340e+002
543.34	5.170e+002
543.69	5.280e+002
544.05	5.240e+002
544.41	5.200e+002
544.76	5.140e+002
545.12	5.040e+002
545.47	4.850e+002
545.83	4.860e+002
546.18	4.920e+002
546.54	4.730e+002
546.89	4.620e+002
547.25	4.690e+002
547.60	4.650e+002
547.96	4.470e+002
548.31	4.350e+002
548.67	4.550e+002
549.02	4.350e+002
549.38	4.350e+002
549.73	4.280e+002
550.09	4.250e+002
550.44	4.160e+002
550.80	4.120e+002
551.15	3.940e+002
551.51	4.010e+002
551.86	3.910e+002
552.22	3.860e+002
552.57	3.870e+002
552.93	3.750e+002
553.28	3.760e+002
553.64	3.770e+002
553.99	3.660e+002
554.35	3.590e+002
554.70	3.550e+002
555.05	3.590e+002
555.41	3.600e+002
555.76	3.530e+002
556.12	3.400e+002
556.47	3.400e+002
556.83	3.440e+002
557.18	3.310e+002
557.53	3.340e+002
557.89	3.280e+002
558.24	3.210e+002
558.60	3.160e+002
558.95	3.120e+002
559.30	3.000e+002
559.66	3.100e+002
560.01	3.070e+002
560.37	2.850e+002
560.72	2.870e+002
561.07	2.990e+002
561.43	2.960e+002
561.78	2.940e+002
562.13	2.920e+002
562.49	2.840e+002
562.84	2.860e+002
563.19	2.760e+002
563.55	2.650e+002
563.90	2.760e+002
564.25	2.660e+002
564.61	2.600e+002
564.96	2.630e+002
565.31	2.600e+002
565.67	2.560e+002
566.02	2.620e+002
566.37	2.480e+002
566.73	2.510e+002
567.08	2.570e+002
567.43	2.410e+002
567.79	2.420e+002
568.14	2.400e+002
568.49	2.330e+002
568.84	2.430e+002
569.20	2.270e+002
569.55	2.250e+002
569.90	2.280e+002
570.26	2.120e+002
570.61	2.260e+002
570.96	2.210e+002
571.31	2.200e+002
571.67	2.200e+002
572.02	2.130e+002
572.37	2.120e+002
572.72	2.120e+002
573.08	2.020e+002
573.43	2.090e+002
573.78	2.040e+002
574.13	1.910e+002
574.48	2.000e+002
574.84	1.970e+002
575.19	2.040e+002
575.54	1.960e+002
575.89	1.870e+002
576.24	1.960e+002
576.60	1.910e+002
576.95	1.830e+002
577.30	1.750e+002
577.65	1.850e+002
578.00	1.790e+002
578.36	1.780e+002
578.71	1.770e+002
579.06	1.690e+002
579.41	1.690e+002
579.76	1.710e+002
580.11	1.650e+002
580.46	1.700e+002
580.82	1.660e+002
581.17	1.640e+002
581.52	1.610e+002
581.87	1.580e+002
582.22	1.590e+002
582.57	1.570e+002
582.92	1.510e+002
583.28	1.580e+002
583.63	1.460e+002
583.98	1.450e+002
584.33	1.470e+002
584.68	1.390e+002
585.03	1.400e+002
585.38	1.430e+002
585.73	1.320e+002
586.08	1.320e+002
586.43	1.340e+002
586.78	1.300e+002
587.14	1.280e+002
587.49	1.270e+002
587.84	1.270e+002
588.19	1.220e+002
588.54	1.270e+002
588.89	1.250e+002
589.24	1.210e+002
589.59	1.230e+002
589.94	1.180e+002
590.29	1.160e+002
590.64	1.190e+002
590.99	1.130e+002
591.34	1.200e+002
591.69	1.140e+002
592.04	1.160e+002
592.39	1.140e+002
592.74	1.080e+002
593.09	1.140e+002
593.44	1.070e+002
593.79	1.070e+002
594.14	1.060e+002
594.49	1.070e+002
594.84	1.070e+002
595.19	1.060e+002
595.54	1.080e+002
595.89	1.060e+002
596.24	1.040e+002
596.59	1.000e+002
596.94	1.070e+002
597.29	1.060e+002
597.64	1.010e+002
597.99	9.900e+001
598.34	1.040e+002
598.69	9.900e+001
599.04	1.030e+002
599.39	1.030e+002
599.73	9.700e+001
600.08	1.000e+002
600.43	9.200e+001
600.78	8.700e+001
601.13	9.200e+001
601.48	1.000e+002
601.83	9.700e+001
602.18	9.900e+001
602.53	9.000e+001
602.88	9.300e+001
603.22	9.600e+001
603.57	8.600e+001
603.92	8.500e+001
604.27	9.800e+001
604.62	9.400e+001
604.97	9.500e+001
605.32	9.500e+001
605.67	8.900e+001
606.01	9.100e+001
606.36	8.700e+001
606.71	8.600e+001
607.06	9.100e+001
607.41	8.900e+001
607.76	8.500e+001
608.10	8.900e+001
608.45	8.600e+001
608.80	8.700e+001
609.15	8.800e+001
609.50	8.300e+001
609.84	8.800e+001
610.19	9.200e+001
610.54	8.100e+001
610.89	7.900e+001
611.24	8.100e+001
611.58	8.100e+001
611.93	7.800e+001
612.28	8.000e+001
612.63	7.900e+001
612.97	7.700e+001
613.32	7.600e+001
613.67	8.100e+001
614.02	8.500e+001
614.36	7.900e+001
614.71	7.100e+001
615.06	7.800e+001
615.41	7.300e+001
615.75	8.100e+001
616.10	7.500e+001
616.45	7.800e+001
616.80	7.500e+001
617.14	7.800e+001
617.49	8.300e+001
617.84	7.700e+001
618.18	7.700e+001
618.53	7.700e+001
618.88	7.600e+001
619.23	6.900e+001
619.57	7.700e+001
619.92	7.700e+001
620.27	7.500e+001
620.61	7.100e+001
620.96	7.500e+001
621.31	7.100e+001
621.65	7.400e+001
622.00	8.000e+001
622.35	7.100e+001
622.69	7.200e+001
623.04	8.000e+001
623.38	6.700e+001
623.73	6.900e+001
624.08	7.000e+001
624.42	7.000e+001
624.77	6.600e+001
625.12	6.900e+001
625.46	6.800e+001
625.81	7.100e+001
626.15	7.000e+001
626.50	7.200e+001
626.85	7.100e+001
627.19	7.200e+001
627.54	6.700e+001
627.88	6.300e+001
628.23	6.400e+001
628.58	7.000e+001
628.92	6.500e+001
629.27	6.700e+001
629.61	6.600e+001
629.96	7.200e+001
630.30	6.200e+001
630.65	6.300e+001
630.99	6.400e+001
631.34	6.000e+001
631.69	6.200e+001
632.03	6.200e+001
632.38	6.000e+001
632.72	6.100e+001
633.07	6.800e+001
633.41	6.700e+001
633.76	6.700e+001
634.10	6.300e+001
634.45	5.900e+001
634.79	6.600e+001
635.14	6.100e+001
635.48	6.600e+001
635.83	6.200e+001
636.17	6.100e+001
636.52	5.800e+001
636.86	5.800e+001
637.21	6.400e+001
637.55	6.700e+001
637.89	6.500e+001
638.24	6.300e+001
638.58	6.100e+001
638.93	6.000e+001
639.27	5.700e+001
639.62	6.100e+001
639.96	6.100e+001
640.31	6.400e+001
640.65	6.400e+001
640.99	5.800e+001
641.34	5.300e+001
641.68	6.500e+001
642.03	5.400e+001
642.37	5.900e+001
642.71	5.900e+001
643.06	5.900e+001
643.40	5.500e+001
643.75	6.000e+001
644.09	6.100e+001
644.43	6.100e+001
644.78	5.500e+001
645.12	5.900e+001
645.46	5.800e+001
645.81	5.500e+001
646.15	5.800e+001
646.50	5.400e+001
646.84	5.400e+001
647.18	5.100e+001
647.53	5.600e+001
647.87	5.800e+001
648.21	5.800e+001
648.56	5.300e+001
648.90	5.600e+001
649.24	5.400e+001
649.59	6.300e+001
649.93	5.900e+001
650.27	5.400e+001
650.61	5.900e+001
650.96	5.600e+001
651.30	5.900e+001
651.64	6.300e+001
651.99	5.700e+001
652.33	5.800e+001
652.67	6.100e+001
653.01	5.600e+001
653.36	5.500e+001
653.70	5.400e+001
654.04	5.400e+001
654.38	5.700e+001
654.73	5.300e+001
655.07	4.900e+001
655.41	5.300e+001
655.75	5.800e+001
656.10	5.400e+001
656.44	5.300e+001
656.78	5.200e+001
657.12	5.200e+001
657.47	5.100e+001
657.81	5.400e+001
658.15	6.100e+001
658.49	5.000e+001
658.83	4.500e+001
659.18	5.900e+001
659.52	5.100e+001
659.86	5.100e+001
660.20	5.400e+001
660.54	5.900e+001
660.88	5.800e+001
661.23	5.100e+001
661.57	5.500e+001
661.91	5.400e+001
662.25	5.300e+001
662.59	5.000e+001
662.93	4.700e+001
663.27	5.800e+001
663.62	5.300e+001
663.96	5.200e+001
664.30	5.500e+001
664.64	5.600e+001
664.98	5.300e+001
665.32	5.600e+001
665.66	5.100e+001
666.00	6.100e+001
666.34	5.000e+001
666.69	5.700e+001
667.03	5.100e+001
667.37	5.200e+001
667.71	5.300e+001
668.05	5.800e+001
668.39	5.300e+001
668.73	5.700e+001
669.07	6.000e+001
669.41	4.900e+001
669.75	5.600e+001
670.09	4.800e+001
670.43	5.000e+001
670.77	5.000e+001
671.11	4.700e+001
671.45	5.100e+001
671.79	5.000e+001
672.13	5.200e+001
672.47	5.300e+001
672.81	5.100e+001
673.16	5.700e+001
673.50	5.500e+001
673.84	4.900e+001
674.18	5.300e+001
674.51	5.300e+001
674.85	4.800e+001
675.19	5.000e+001
675.53	5.200e+001
675.87	5.200e+001
676.21	5.300e+001
676.55	5.100e+001
676.89	5.000e+001
677.23	5.500e+001
677.57	4.600e+001
677.91	4.900e+001
678.25	4.900e+001
678.59	5.300e+001
678.93	4.900e+001
679.27	4.600e+001
679.61	4.900e+001
679.95	5.200e+001
680.29	5.100e+001
680.63	4.600e+001
680.96	4.800e+001
681.30	5.300e+001
681.64	4.500e+001
681.98	4.600e+001
682.32	5.000e+001
682.66	4.600e+001
683.00	4.900e+001
683.34	4.400e+001
683.68	4.500e+001
684.01	5.100e+001
684.35	5.700e+001
684.69	5.000e+001
685.03	5.000e+001
685.37	5.200e+001
685.71	4.800e+001
686.05	5.200e+001
686.38	5.300e+001
686.72	5.000e+001
687.06	4.800e+001
687.40	5.100e+001
687.74	4.700e+001
688.07	5.600e+001
688.41	5.100e+001
688.75	4.900e+001
689.09	5.100e+001
689.43	4.500e+001
689.76	4.800e+001
690.10	4.800e+001
690.44	5.000e+001
690.78	4.900e+001
691.12	5.000e+001
691.45	4.900e+001
691.79	4.500e+001
692.13	4.600e+001
692.47	5.300e+001
692.80	4.800e+001
693.14	5.000e+001
693.48	4.800e+001
693.82	4.600e+001
694.15	4.800e+001
694.49	4.600e+001
694.83	4.600e+001
695.16	5.100e+001
695.50	5.100e+001
695.84	4.700e+001
696.18	4.400e+001
696.51	4.600e+001
696.85	4.800e+001
697.19	4.200e+001
697.52	4.600e+001
697.86	4.500e+001
698.20	4.800e+001
698.53	4.800e+001
698.87	4.600e+001
699.21	4.900e+001
699.54	4.200e+001
699.88	4.700e+001
700.22	5.000e+001
700.55	4.900e+001
700.89	4.700e+001
701.23	4.200e+001
701.56	5.300e+001
701.90	4.900e+001
702.23	5.000e+001
702.57	4.700e+001
702.91	4.500e+001
703.24	4.700e+001
703.58	4.500e+001
703.91	5.100e+001
704.25	4.600e+001
704.59	4.300e+001
704.92	5.000e+001
705.26	5.200e+001
705.59	5.300e+001
705.93	4.900e+001
706.27	5.000e+001
706.60	5.000e+001
706.94	4.600e+001
707.27	5.400e+001
707.61	4.500e+001
707.94	5.200e+001
708.28	4.500e+001
708.61	4.400e+001
708.95	4.900e+001
709.28	4.800e+001
709.62	4.900e+001
709.95	4.700e+001
710.29	4.300e+001
710.62	4.400e+001
710.96	4.800e+001
711.29	5.000e+001
711.63	5.100e+001
711.96	4.700e+001
712.30	4.600e+001
712.63	4.600e+001
712.97	5.300e+001
713.30	4.700e+001
713.64	4.800e+001
713.97	4.500e+001
714.31	4.900e+001
714.64	4.500e+001
714.98	4.400e+001
715.31	4.400e+001
715.64	4.600e+001
715.98	4.800e+001
716.31	4.800e+001
716.65	4.600e+001
716.98	4.600e+001
717.32	4.600e+001
717.65	4.400e+001
717.98	4.800e+001
718.32	4.800e+001
718.65	4.500e+001
718.99	5.100e+001
719.32	4.500e+001
719.65	4.700e+001
719.99	5.200e+001
720.32	4.800e+001
720.65	4.300e+001
720.99	4.900e+001
721.32	5.000e+001
721.66	4.300e+001
721.99	4.700e+001
722.32	5.000e+001
722.66	4.600e+001
722.99	4.500e+001
723.32	4.700e+001
723.66	5.000e+001
723.99	4.600e+001
724.32	4.500e+001
724.65	4.500e+001
724.99	5.200e+001
725.32	4.900e+001
725.65	4.500e+001
725.99	4.900e+001
726.32	5.100e+001
726.65	4.400e+001
726.99	5.300e+001
727.32	4.900e+001
727.65	5.200e+001
727.98	4.700e+001
728.32	5.100e+001
728.65	4.600e+001
728.98	4.800e+001
729.31	4.800e+001
729.65	5.000e+001
729.98	4.500e+001
730.31	4.500e+001
730.64	5.100e+001
730.97	4.900e+001
731.31	4.500e+001
731.64	5.300e+001
731.97	5.200e+001
732.30	4.700e+001
732.63	4.700e+001
732.97	5.100e+001
733.30	4.500e+001
733.63	4.900e+001
733.96	5.200e+001
734.29	5.100e+001
734.63	4.500e+001
734.96	4.800e+001
735.29	4.500e+001
735.62	4.700e+001
735.95	5.000e+001
736.28	4.600e+001
736.61	4.600e+001
736.95	4.300e+001
737.28	4.800e+001
737.61	4.900e+001
737.94	4.800e+001
738.27	4.200e+001
738.60	5.200e+001
738.93	4.700e+001
739.26	4.800e+001
739.60	4.400e+001
739.93	4.400e+001
740.26	4.800e+001
740.59	4.700e+001
740.92	4.500e+001
741.25	4.600e+001
741.58	5.100e+001
741.91	5.200e+001
742.24	4.500e+001
742.57	5.200e+001
742.90	4.700e+001
743.23	4.400e+001
743.56	4.500e+001
743.89	4.400e+001
744.22	4.000e+001
744.55	4.600e+001
744.88	5.300e+001
745.21	4.900e+001
745.54	4.800e+001
745.87	4.800e+001
746.20	5.100e+001
746.53	4.700e+001
746.86	5.000e+001
747.19	4.800e+001
747.52	4.900e+001
747.85	5.200e+001
748.18	4.900e+001
748.51	4.500e+001
748.84	4.400e+001
749.17	4.800e+001
749.50	4.800e+001
749.83	5.100e+001
750.16	4.500e+001
750.49	4.400e+001
750.82	5.000e+001
751.15	4.700e+001
751.48	4.600e+001
751.81	4.600e+001
752.14	4.900e+001
752.47	4.400e+001
752.80	4.100e+001
753.12	4.300e+001
753.45	5.200e+001
753.78	4.800e+001
754.11	4.700e+001
754.44	4.600e+001
754.77	4.700e+001
755.10	4.700e+001
755.43	4.300e+001
755.75	4.600e+001
756.08	4.600e+001
756.41	4.800e+001
756.74	4.800e+001
757.07	4.600e+001
757.40	4.700e+001
757.73	4.800e+001
758.05	4.800e+001
758.38	4.300e+001
758.71	4.500e+001
759.04	4.900e+001
759.37	4.700e+001
759.69	4.300e+001
760.02	4.200e+001
760.35	4.400e+001
760.68	4.700e+001
761.01	5.100e+001
761.33	4.800e+001
761.66	5.100e+001
761.99	4.800e+001
762.32	4.800e+001
762.64	4.800e+001
762.97	4.700e+001
763.30	5.100e+001
763.63	4.500e+001
763.95	4.200e+001
764.28	4.500e+001
764.61	4.700e+001
764.94	4.400e+001
765.26	4.500e+001
765.59	4.700e+001
765.92	4.400e+001
766.25	4.600e+001
766.57	4.700e+001
766.90	4.100e+001
767.23	5.000e+001
767.55	5.000e+001
767.88	4.500e+001
768.21	4.600e+001
768.53	4.800e+001
768.86	4.600e+001
769.19	4.500e+001
769.51	4.500e+001
769.84	4.900e+001
770.17	5.000e+001
770.49	4.600e+001
770.82	4.600e+001
771.15	4.800e+001
771.47	4.200e+001
771.80	4.700e+001
772.12	4.300e+001
772.45	5.100e+001
772.78	4.900e+001
773.10	4.500e+001
773.43	4.700e+001
773.75	4.900e+001
774.08	5.200e+001
774.41	5.200e+001
774.73	4.900e+001
775.06	5.000e+001
775.38	4.500e+001
775.71	4.700e+001
776.04	4.900e+001
776.36	4.900e+001
776.69	3.800e+001
777.01	4.800e+001
777.34	4.600e+001
777.66	4.600e+001
777.99	4.500e+001
778.31	5.200e+001
778.64	4.100e+001
778.96	4.500e+001
779.29	4.900e+001
779.61	4.500e+001
779.94	4.200e+001
780.26	5.200e+001
780.59	4.700e+001
780.91	4.500e+001
781.24	4.700e+001
781.56	4.700e+001
781.89	4.600e+001
782.21	4.100e+001
782.54	4.600e+001
782.86	4.200e+001
783.19	4.200e+001
783.51	4.300e+001
783.84	4.200e+001
784.16	4.500e+001
784.48	4.100e+001
784.81	5.100e+001
785.13	4.800e+001
785.46	4.800e+001
785.78	4.400e+001
786.10	4.700e+001
786.43	4.600e+001
786.75	4.500e+001
787.08	4.100e+001
787.40	4.600e+001
787.72	4.900e+001
788.05	5.100e+001
788.37	4.500e+001
788.70	4.300e+001
789.02	5.000e+001
789.34	4.500e+001
789.67	4.900e+001
789.99	4.900e+001
790.31	5.100e+001
790.64	4.800e+001
790.96	4.700e+001
791.28	4.200e+001
791.61	4.400e+001
791.93	4.500e+001
792.25	5.100e+001
792.58	4.700e+001
792.90	4.200e+001
793.22	4.900e+001
793.55	4.600e+001
793.87	4.600e+001
794.19	5.000e+001
794.51	4.200e+001
794.84	4.500e+001
795.16	4.700e+001
795.48	4.600e+001
795.80	4.500e+001
796.13	5.000e+001
796.45	5.300e+001
796.77	4.400e+001
797.09	4.600e+001
797.42	4.300e+001
797.74	4.900e+001
798.06	4.600e+001
798.38	5.000e+001
798.71	4.400e+001
799.03	4.500e+001
799.35	4.800e+001
799.67	4.800e+001
799.99	4.100e+001
800.32	4.500e+001
800.64	4.900e+001
800.96	4.600e+001
801.28	4.700e+001
801.60	4.300e+001
801.92	5.300e+001
802.25	4.400e+001
802.57	4.600e+001
802.89	4.200e+001
803.21	4.500e+001
803.53	4.100e+001
803.85	4.400e+001
804.17	4.900e+001
804.50	4.500e+001
804.82	4.700e+001
805.14	4.900e+001
805.46	4.700e+001
805.78	4.800e+001
806.10	5.000e+001
806.42	4.900e+001
806.74	4.500e+001
807.06	4.600e+001
807.38	4.800e+001
807.70	4.500e+001
808.03	4.600e+001
808.35	4.600e+001
808.67	4.900e+001
808.99	4.300e+001
809.31	4.300e+001
809.63	4.500e+001
809.95	5.100e+001
810.27	4.400e+001
810.59	4.400e+001
810.91	4.300e+001
811.23	4.500e+001
811.55	4.800e+001
811.87	4.100e+001
812.19	4.400e+001
812.51	4.300e+001
812.83	5.000e+001
813.15	4.200e+001
813.47	5.000e+001
813.79	5.100e+001
814.11	5.100e+001
814.43	4.800e+001
814.75	4.200e+001
815.07	5.500e+001
815.39	4.900e+001
815.71	4.800e+001
816.03	4.500e+001
816.35	4.700e+001
816.66	4.900e+001
816.98	4.500e+001
817.30	4.300e+001
817.62	5.000e+001
817.94	4.400e+001
818.26	4.400e+001
818.58	4.500e+001
818.90	4.400e+001
819.22	4.100e+001
819.54	4.400e+001
819.85	4.600e+001
820.17	4.900e+001
820.49	4.300e+001
820.81	4.700e+001
821.13	4.900e+001
821.45	4.400e+001
821.77	4.700e+001
822.08	4.500e+001
822.40	4.600e+001
822.72	4.800e+001
823.04	4.700e+001
823.36	4.400e+001
823.68	4.200e+001
823.99	4.800e+001
824.31	4.600e+001
824.63	4.100e+001
824.95	5.200e+001
825.27	5.200e+001
825.58	4.600e+001
825.90	5.200e+001
826.22	4.700e+001
826.54	4.400e+001
826.86	4.500e+001
827.17	4.700e+001
827.49	4.800e+001
827.81	4.400e+001
828.13	4.400e+001
828.44	4.200e+001
828.76	4.600e+001
829.08	4.500e+001
829.39	4.600e+001
829.71	4.300e+001
830.03	5.400e+001
830.35	3.700e+001
830.66	4.400e+001
830.98	4.900e+001
831.30	4.700e+001
831.61	4.600e+001
831.93	4.500e+001
832.25	4.500e+001
832.56	4.900e+001
832.88	4.500e+001
833.20	5.000e+001
833.51	4.300e+001
833.83	4.800e+001
834.15	4.600e+001
834.46	4.600e+001
834.78	5.200e+001
835.10	4.900e+001
835.41	4.000e+001
835.73	4.400e+001
836.05	4.100e+001
836.36	5.000e+001
836.68	4.600e+001
836.99	5.300e+001
837.31	5.100e+001
837.63	4.400e+001
837.94	4.800e+001
838.26	4.700e+001
838.57	4.900e+001
838.89	4.600e+001
839.20	4.400e+001
839.52	4.400e+001
839.84	4.700e+001
840.15	4.200e+001
840.47	5.100e+001
840.78	4.500e+001
841.10	5.000e+001
841.41	4.700e+001
841.73	4.600e+001
842.04	4.900e+001
842.36	4.900e+001
842.67	5.000e+001
842.99	4.500e+001
843.30	4.200e+001
843.62	4.300e+001
843.93	4.600e+001
844.25	4.600e+001
844.56	4.800e+001
844.88	4.700e+001
845.19	4.300e+001
845.51	5.100e+001
845.82	4.500e+001
846.14	5.000e+001
846.45	4.800e+001
846.76	5.100e+001
847.08	4.300e+001
847.39	4.800e+001
847.71	4.600e+001
848.02	4.100e+001
848.34	4.400e+001
848.65	4.800e+001
848.96	5.000e+001
849.28	4.400e+001
849.59	4.600e+001
849.91	4.500e+001
850.22	4.800e+001
850.53	4.700e+001
850.85	4.900e+001
851.16	4.100e+001
851.47	4.500e+001
851.79	4.100e+001
852.10	4.300e+001
852.41	4.400e+001
852.73	5.000e+001
853.04	4.300e+001
853.35	4.300e+001
853.67	4.700e+001
853.98	4.400e+001
854.29	4.800e+001
854.61	4.600e+001
854.92	4.300e+001
855.23	4.900e+001
855.55	4.600e+001
855.86	4.600e+001
856.17	4.600e+001
856.48	4.400e+001
856.80	4.700e+001
857.11	4.800e+001
857.42	4.700e+001
857.73	4.300e+001
858.05	4.600e+001
858.36	4.500e+001
858.67	4.900e+001
858.98	5.400e+001
859.30	5.100e+001
859.61	4.700e+001
859.92	4.600e+001
860.23	4.500e+001
860.55	4.800e+001
860.86	5.000e+001
861.17	5.100e+001
861.48	5.000e+001
861.79	4.500e+001
862.11	4.700e+001
862.42	4.600e+001
862.73	4.800e+001
863.04	4.700e+001
863.35	5.200e+001
863.66	4.800e+001
863.97	4.300e+001
864.29	4.800e+001
864.60	4.900e+001
864.91	4.800e+001
865.22	4.700e+001
865.53	4.500e+001
865.84	4.500e+001
866.15	4.700e+001
866.46	4.200e+001
866.78	5.100e+001
867.09	4.700e+001
867.40	4.900e+001
867.71	4.400e+001
868.02	4.300e+001
868.33	4.500e+001
868.64	5.000e+001
868.95	4.500e+001
869.26	4.100e+001
869.57	4.000e+001
869.88	4.700e+001
870.19	4.800e+001
870.50	4.200e+001
870.81	4.500e+001
871.12	4.700e+001
871.43	4.500e+001
871.74	4.300e+001
872.05	5.100e+001
872.36	4.600e+001
872.67	4.500e+001
872.98	3.900e+001
873.29	4.600e+001
873.60	4.700e+001
873.91	4.100e+001
874.22	4.700e+001
874.53	4.900e+001
874.84	4.600e+001
875.15	4.700e+001
875.46	4.300e+001
875.77	4.500e+001
876.08	4.800e+001
876.39	5.300e+001
876.70	4.100e+001
877.01	3.700e+001
877.32	4.100e+001
877.63	4.500e+001
877.94	5.100e+001
878.25	5.200e+001
878.55	4.100e+001
878.86	4.200e+001
879.17	4.700e+001
879.48	4.500e+001
879.79	4.400e+001
880.10	4.800e+001
880.41	4.700e+001
880.72	4.800e+001
881.02	4.100e+001
881.33	4.600e+001
881.64	4.200e+001
881.95	4.600e+001
882.26	4.800e+001
882.57	4.300e+001
882.87	4.800e+001
883.18	4.600e+001
883.49	4.200e+001
883.80	4.700e+001
884.11	4.500e+001
884.41	4.600e+001
884.72	4.300e+001
885.03	4.900e+001
885.34	4.500e+001
885.65	5.000e+001
885.95	4.800e+001
886.26	4.500e+001
886.57	4.900e+001
886.88	4.600e+001
887.18	4.200e+001
887.49	4.600e+001
887.80	4.600e+001
888.11	4.500e+001
888.41	4.100e+001
888.72	4.800e+001
889.03	4.600e+001
889.33	5.000e+001
889.64	4.800e+001
889.95	3.900e+001
890.26	4.700e+001
890.56	4.500e+001
890.87	4.200e+001
891.18	4.600e+001
891.48	4.200e+001
891.79	4.300e+001
892.10	4.500e+001
892.40	5.200e+001
892.71	4.200e+001
893.02	4.900e+001
893.32	5.200e+001
893.63	4.300e+001
893.93	4.400e+001
894.24	4.100e+001
894.55	4.900e+001
894.85	4.300e+001
895.16	3.800e+001
895.46	4.200e+001
895.77	4.400e+001
896.08	4.300e+001
896.38	5.100e+001
896.69	4.400e+001
896.99	4.600e+001
897.30	4.500e+001
897.61	4.800e+001
897.91	4.200e+001
898.22	4.700e+001
898.52	4.300e+001
898.83	4.500e+001
899.13	4.500e+001
899.44	4.100e+001
899.74	4.600e+001
900.05	5.000e+001
900.35	4.400e+001
900.66	4.700e+001
900.96	4.500e+001
901.27	4.300e+001
901.57	4.700e+001
901.88	4.700e+001
902.18	4.600e+001
902.49	4.800e+001
902.79	4.800e+001
903.10	5.400e+001
903.40	5.000e+001
903.71	4.400e+001
904.01	4.300e+001
904.31	4.200e+001
904.62	5.100e+001
904.92	4.300e+001
905.23	4.700e+001
905.53	4.500e+001
905.84	4.200e+001
906.14	4.600e+001
906.44	4.600e+001
906.75	4.400e+001
907.05	5.200e+001
907.36	4.900e+001
907.66	4.500e+001
907.96	4.700e+001
908.27	4.400e+001
908.57	4.400e+001
908.87	4.200e+001
909.18	4.300e+001
909.48	4.100e+001
909.78	4.800e+001
910.09	4.400e+001
910.39	5.300e+001
910.69	4.200e+001
911.00	4.200e+001
911.30	4.400e+001
911.60	4.600e+001
911.91	4.400e+001
912.21	4.100e+001
912.51	4.800e+001
912.82	4.500e+001
913.12	4.400e+001
913.42	4.500e+001
913.72	4.500e+001
914.03	5.000e+001
914.33	4.200e+001
914.63	4.500e+001
914.93	4.400e+001
915.24	4.700e+001
915.54	4.600e+001
915.84	4.500e+001
916.14	4.600e+001
916.45	4.900e+001
916.75	4.000e+001
917.05	4.500e+001
917.35	3.900e+001
917.65	5.000e+001
917.96	4.500e+001
918.26	4.400e+001
918.56	4.200e+001
918.86	4.300e+001
919.16	5.100e+001
919.46	5.100e+001
919.77	4.800e+001
920.07	4.900e+001
920.37	4.600e+001
920.67	4.500e+001
920.97	4.400e+001
921.27	4.500e+001
921.57	4.800e+001
921.87	4.400e+001
922.18	4.200e+001
922.48	4.700e+001
922.78	5.000e+001
923.08	4.400e+001
923.38	4.400e+001
923.68	4.000e+001
923.98	4.100e+001
924.28	4.100e+001
924.58	4.300e+001
924.88	4.900e+001
925.18	4.400e+001
925.48	4.700e+001
925.78	4.000e+001
926.09	4.500e+001
926.39	4.000e+001
926.69	5.200e+001
926.99	4.500e+001
927.29	4.500e+001
927.59	4.700e+001
927.89	4.400e+001
928.19	4.600e+001
928.49	4.000e+001
928.79	4.900e+001
929.09	4.400e+001
929.39	4.800e+001
929.69	4.600e+001
929.99	4.600e+001
930.28	4.300e+001
930.58	4.500e+001
930.88	5.100e+001
931.18	5.000e+001
931.48	4.600e+001
931.78	4.500e+001
932.08	4.500e+001
932.38	4.600e+001
932.68	4.400e+001
932.98	4.200e+001
933.28	4.600e+001
933.58	4.000e+001
933.88	4.500e+001
934.17	4.600e+001
934.47	5.000e+001
934.77	4.700e+001
935.07	4.600e+001
935.37	4.600e+001
935.67	4.800e+001
935.97	4.900e+001
936.26	4.800e+001
936.56	4.200e+001
936.86	4.700e+001
937.16	4.800e+001
937.46	4.400e+001
937.76	4.600e+001
938.05	4.000e+001
938.35	4.300e+001
938.65	4.300e+001
938.95	4.900e+001
939.25	5.000e+001
939.54	4.600e+001
939.84	4.500e+001
940.14	5.200e+001
940.44	4.100e+001
940.73	5.000e+001
941.03	4.300e+001
941.33	4.500e+001
941.63	4.300e+001
941.92	4.300e+001
942.22	4.400e+001
942.52	4.900e+001
942.82	4.500e+001
943.11	5.000e+001
943.41	4.700e+001
943.71	4.500e+001
944.00	4.400e+001
944.30	3.800e+001
944.60	4.400e+001
944.90	4.400e+001
945.19	4.700e+001
945.49	4.500e+001
945.79	4.700e+001
946.08	4.400e+001
946.38	3.700e+001
946.68	4.800e+001
946.97	4.900e+001
947.27	4.300e+001
947.56	4.500e+001
947.86	4.700e+001
948.16	4.000e+001
948.45	4.000e+001
948.75	4.800e+001
949.04	4.200e+001
949.34	4.400e+001
949.64	4.500e+001
949.93	4.600e+001
950.23	4.700e+001
950.52	4.500e+001
950.82	4.500e+001
951.12	4.600e+001
951.41	4.400e+001
951.71	4.500e+001
952.00	5.000e+001
952.30	4.900e+001
952.59	4.900e+001
952.89	4.200e+001
953.18	3.700e+001
953.48	5.100e+001
953.77	5.000e+001
954.07	4.400e+001
954.36	4.800e+001
954.66	4.900e+001
954.95	4.800e+001
955.25	4.300e+001
955.54	4.300e+001
955.84	4.600e+001
956.13	4.800e+001
956.43	4.700e+001
956.72	4.100e+001
957.02	4.400e+001
957.31	4.400e+001
957.60	4.400e+001
957.90	4.000e+001
958.19	4.400e+001
958.49	4.300e+001
958.78	4.600e+001
959.08	3.800e+001
959.37	4.400e+001
959.66	4.600e+001
959.96	4.400e+001
960.25	4.400e+001
960.54	4.900e+001
960.84	5.100e+001
961.13	4.500e+001
961.43	4.200e+001
961.72	4.700e+001
962.01	4.500e+001
962.31	4.200e+001
962.60	4.600e+001
962.89	4.500e+001
963.19	4.800e+001
963.48	4.700e+001
963.77	4.500e+001
964.07	4.400e+001
964.36	4.000e+001
964.65	4.200e+001
964.94	4.700e+001
965.24	4.300e+001
965.53	5.100e+001
965.82	4.500e+001
966.12	5.100e+001
966.41	4.700e+001
966.70	4.500e+001
966.99	4.500e+001
967.29	3.700e+001
967.58	5.200e+001
967.87	4.400e+001
968.16	4.300e+001
968.45	5.000e+001
968.75	4.300e+001
969.04	4.900e+001
969.33	4.200e+001
969.62	4.600e+001
969.91	5.000e+001
970.21	4.400e+001
970.50	4.600e+001
970.79	4.800e+001
971.08	4.500e+001
971.37	4.600e+001
971.66	4.100e+001
971.96	4.400e+001
972.25	4.600e+001
972.54	5.000e+001
972.83	4.400e+001
973.12	3.900e+001
973.41	5.200e+001
973.70	4.500e+001
973.99	4.800e+001
974.29	4.400e+001
974.58	4.200e+001
974.87	4.300e+001
975.16	4.400e+001
975.45	4.600e+001
975.74	4.900e+001
976.03	4.100e+001
976.32	4.100e+001
976.61	4.700e+001
976.90	4.400e+001
977.19	4.400e+001
977.48	4.800e+001
977.77	4.800e+001
978.06	4.600e+001
978.35	4.600e+001
978.64	4.200e+001
978.93	4.800e+001
979.22	5.000e+001
979.51	4.800e+001
979.80	4.400e+001
980.09	4.900e+001
980.38	4.700e+001
980.67	4.400e+001
980.96	4.400e+001
981.25	4.200e+001
981.54	4.400e+001
981.83	4.700e+001
982.12	4.800e+001
982.41	4.800e+001
982.70	4.900e+001
982.99	4.900e+001
983.28	4.500e+001
983.57	4.900e+001
983.86	4.700e+001
984.15	4.500e+001
984.43	4.200e+001
984.72	4.800e+001
985.01	4.600e+001
985.30	4.500e+001
985.59	4.800e+001
985.88	4.500e+001
986.17	5.300e+001
986.46	4.500e+001
986.74	4.200e+001
987.03	4.200e+001
987.32	4.900e+001
987.61	4.500e+001
987.90	4.800e+001
988.19	4.800e+001
988.47	4.200e+001
988.76	4.700e+001
989.05	4.500e+001
989.34	4.800e+001
989.63	5.100e+001
989.91	4.900e+001
990.20	4.400e+001
990.49	5.000e+001
990.78	4.400e+001
991.06	4.700e+001
991.35	4.300e+001
991.64	3.900e+001
991.93	4.600e+001
992.21	4.700e+001
992.50	4.300e+001
992.79	4.400e+001
993.08	4.300e+001
993.36	4.500e+001
993.65	4.400e+001
993.94	4.200e+001
994.22	5.000e+001
994.51	5.000e+001
994.80	4.300e+001
995.08	4.600e+001
995.37	4.700e+001
995.66	4.500e+001
995.94	4.800e+001
996.23	4.200e+001
996.52	4.500e+001
996.80	4.800e+001
997.09	4.200e+001
997.38	4.700e+001
997.66	4.400e+001
997.95	4.300e+001
998.24	4.500e+001
998.52	5.000e+001
998.81	4.800e+001
999.09	4.800e+001
999.38	4.000e+001
999.66	5.000e+001
999.95	4.300e+001
1000.24	4.800e+001
1000.52	3.900e+001
1000.81	4.300e+001
1001.09	3.900e+001
1001.38	4.500e+001
1001.66	4.100e+001
1001.95	4.300e+001
1002.23	5.100e+001
1002.52	4.800e+001
1002.80	4.900e+001
1003.09	5.200e+001
1003.37	4.900e+001
1003.66	4.500e+001
1003.94	4.100e+001
1004.23	4.800e+001
1004.51	4.200e+001
1004.80	4.100e+001
1005.08	4.400e+001
1005.37	4.400e+001
1005.65	3.900e+001
1005.94	4.400e+001
1006.22	5.000e+001
1006.51	4.400e+001
1006.79	4.100e+001
1007.07	4.400e+001
1007.36	4.400e+001
1007.64	4.100e+001
1007.93	4.500e+001
1008.21	4.300e+001
1008.50	4.100e+001
1008.78	4.000e+001
1009.06	4.800e+001
1009.35	4.300e+001
1009.63	4.300e+001
1009.91	4.600e+001
1010.20	4.200e+001
1010.48	4.500e+001
1010.76	4.700e+001
1011.05	5.000e+001
1011.33	4.400e+001
1011.61	4.000e+001
1011.90	4.500e+001
1012.18	4.800e+001
1012.46	4.200e+001
1012.75	4.600e+001
1013.03	4.600e+001
1013.31	4.900e+001
1013.60	4.300e+001
1013.88	4.600e+001
1014.16	4.100e+001
1014.44	4.900e+001
1014.73	4.300e+001
1015.01	4.900e+001
1015.29	4.200e+001
1015.57	4.300e+001
1015.86	4.300e+001
1016.14	5.000e+001
1016.42	4.600e+001
1016.70	4.600e+001
1016.99	5.200e+001
1017.27	4.100e+001
1017.55	4.500e+001
1017.83	4.300e+001
1018.11	4.800e+001
1018.39	4.500e+001
1018.68	4.700e+001
1018.96	4.500e+001
1019.24	4.100e+001
1019.52	4.400e+001
1019.80	4.400e+001
1020.08	4.800e+001
1020.37	4.900e+001
1020.65	4.900e+001
1020.93	4.800e+001
1021.21	4.500e+001
1021.49	4.200e+001