339.23	0.000e+000
339.61	5.300e+001
339.99	5.100e+001
340.36	5.100e+001
340.74	4.700e+001
341.11	5.300e+001
341.49	4.600e+001
341.86	5.100e+001
342.23	5.000e+001
342.61	4.700e+001
342.98	4.800e+001
343.36	5.100e+001
343.73	5.400e+001
344.11	5.200e+001
344.48	4.800e+001
344.86	5.100e+001
345.23	5.200e+001
345.61	4.200e+001
345.98	4.300e+001
346.36	5.100e+001
346.73	4.900e+001
347.11	4.800e+001
347.48	4.900e+001
347.85	4.900e+001
348.23	5.200e+001
348.60	6.000e+001
348.98	5.100e+001
349.35	5.600e+001
349.73	5.700e+001
350.10	5.200e+001
350.47	6.100e+001
350.85	5.600e+001
351.22	5.500e+001
351.60	5.800e+001
351.97	5.700e+001
352.35	5.500e+001
352.72	5.300e+001
353.09	4.900e+001
353.47	5.600e+001
353.84	5.000e+001
354.22	5.100e+001
354.59	5.200e+001
354.96	5.900e+001
355.34	5.700e+001
355.71	6.300e+001
356.08	5.300e+001
356.46	5.600e+001
356.83	5.000e+001
357.21	5.600e+001
357.58	5.500e+001
357.95	5.900e+001
358.33	5.400e+001
358.70	5.600e+001
359.07	5.700e+001
359.45	5.800e+001
359.82	6.000e+001
360.19	6.300e+001
360.57	5.400e+001
360.94	5.900e+001
361.31	5.100e+001
361.69	5.800e+001
362.06	5.300e+001
362.43	5.500e+001
362.81	5.600e+001
363.18	5.300e+001
363.55	5.200e+001
363.93	6.000e+001
364.30	5.600e+001
364.67	5.300e+001
365.04	5.600e+001
365.42	5.300e+001
365.79	5.800e+001
366.16	5.300e+001
366.54	5.800e+001
366.91	5.900e+001
367.28	5.700e+001
367.66	5.600e+001
368.03	5.600e+001
368.40	5.900e+001
368.77	5.300e+001
369.15	6.400e+001
369.52	5.800e+001
369.89	6.600e+001
370.26	5.600e+001
370.64	5.900e+001
371.01	5.400e+001
371.38	6.000e+001
371.75	5.600e+001
372.13	5.700e+001
372.50	5.300e+001
372.87	5.800e+001
373.24	6.400e+001
373.61	5.000e+001
373.99	4.400e+001
374.36	5.300e+001
374.73	5.600e+001
375.10	5.800e+001
375.48	5.900e+001
375.85	5.400e+001
376.22	6.200e+001
376.59	6.100e+001
376.96	5.300e+001
377.34	5.300e+001
377.71	6.000e+001
378.08	5.900e+001
378.45	6.400e+001
378.82	5.600e+001
379.19	6.400e+001
379.57	5.300e+001
379.94	6.200e+001
380.31	5.900e+001
380.68	6.600e+001
381.05	5.300e+001
381.42	6.000e+001
381.80	5.800e+001
382.17	5.800e+001
382.54	5.800e+001
382.91	5.700e+001
383.28	6.300e+001
383.65	6.300e+001
384.03	5.600e+001
384.40	5.900e+001
384.77	6.200e+001
385.14	5.500e+001
385.51	5.900e+001
385.88	6.300e+001
386.25	6.000e+001
386.62	6.100e+001
386.99	6.200e+001
387.37	6.300e+001
387.74	5.800e+001
388.11	5.400e+001
388.48	5.700e+001
388.85	5.500e+001
389.22	5.900e+001
389.59	6.700e+001
389.96	5.800e+001
390.33	6.200e+001
390.70	5.500e+001
391.07	5.700e+001
391.45	5.700e+001
391.82	6.200e+001
392.19	6.000e+001
392.56	6.200e+001
392.93	6.200e+001
393.30	6.100e+001
393.67	5.800e+001
394.04	5.800e+001
394.41	5.700e+001
394.78	5.800e+001
395.15	6.200e+001
395.52	5.900e+001
395.89	5.500e+001
396.26	6.700e+001
396.63	6.300e+001
397.00	6.500e+001
397.37	6.400e+001
397.74	6.400e+001
398.11	6.500e+001
398.48	5.900e+001
398.85	5.800e+001
399.22	6.200e+001
399.59	6.600e+001
399.96	6.400e+001
400.33	6.400e+001
400.70	6.200e+001
401.07	6.100e+001
401.44	6.800e+001
401.81	6.600e+001
402.18	6.500e+001
402.55	5.900e+001
402.92	5.700e+001
403.29	5.700e+001
403.66	6.700e+001
404.03	6.400e+001
404.40	6.400e+001
404.77	6.000e+001
405.14	6.500e+001
405.51	6.700e+001
405.88	6.500e+001
406.25	6.900e+001
406.62	6.900e+001
406.98	7.200e+001
407.35	7.700e+001
407.72	7.200e+001
408.09	8.200e+001
408.46	8.100e+001
408.83	7.900e+001
409.20	8.300e+001
409.57	9.400e+001
409.94	9.300e+001
410.31	1.060e+002
410.68	1.050e+002
411.04	1.190e+002
411.41	1.330e+002
411.78	1.330e+002
412.15	1.540e+002
412.52	1.620e+002
412.89	1.690e+002
413.26	1.890e+002
413.63	2.090e+002
413.99	2.200e+002
414.36	2.480e+002
414.73	2.640e+002
415.10	2.960e+002
415.47	3.170e+002
415.84	3.520e+002
416.21	3.880e+002
416.57	4.180e+002
416.94	4.410e+002
417.31	4.710e+002
417.68	5.080e+002
418.05	5.410e+002
418.42	5.910e+002
418.78	6.610e+002
419.15	6.840e+002
419.52	6.880e+002
419.89	7.400e+002
420.26	8.020e+002
420.63	8.310e+002
420.99	8.930e+002
421.36	9.190e+002
421.73	1.008e+003
422.10	1.019e+003
422.46	1.053e+003
422.83	1.106e+003
423.20	1.180e+003
423.57	1.207e+003
423.94	1.243e+003
424.30	1.324e+003
424.67	1.307e+003
425.04	1.357e+003
425.41	1.376e+003
425.77	1.401e+003
426.14	1.433e+003
426.51	1.429e+003
426.88	1.511e+003
427.24	1.525e+003
427.61	1.522e+003
427.98	1.550e+003
428.35	1.613e+003
428.71	1.681e+003
429.08	1.667e+003
429.45	1.629e+003
429.82	1.666e+003
430.18	1.761e+003
430.55	1.767e+003
430.92	1.714e+003
431.28	1.761e+003
431.65	1.796e+003
432.02	1.787e+003
432.38	1.816e+003
432.75	1.823e+003
433.12	1.900e+003
433.49	1.837e+003
433.85	1.850e+003
434.22	1.836e+003
434.59	1.950e+003
434.95	1.917e+003
435.32	1.912e+003
435.69	1.972e+003
436.05	1.972e+003
436.42	1.955e+003
436.79	1.943e+003
437.15	1.936e+003
437.52	2.011e+003
437.89	1.890e+003
438.25	1.929e+003
438.62	2.013e+003
438.98	2.033e+003
439.35	2.003e+003
439.72	1.988e+003
440.08	2.060e+003
440.45	2.092e+003
440.82	2.100e+003
441.18	2.106e+003
441.55	2.096e+003
441.91	2.096e+003
442.28	2.163e+003
442.65	2.157e+003
443.01	2.157e+003
443.38	2.236e+003
443.74	2.159e+003
444.11	2.202e+003
444.48	2.238e+003
444.84	2.264e+003
445.21	2.271e+003
445.57	2.365e+003
445.94	2.288e+003
446.30	2.246e+003
446.67	2.329e+003
447.03	2.238e+003
447.40	2.240e+003
447.77	2.358e+003
448.13	2.345e+003
448.50	2.349e+003
448.86	2.386e+003
449.23	2.388e+003
449.59	2.363e+003
449.96	2.384e+003
450.32	2.429e+003
450.69	2.391e+003
451.05	2.426e+003
451.42	2.323e+003
451.78	2.417e+003
452.15	2.451e+003
452.51	2.609e+003
452.88	2.470e+003
453.24	2.525e+003
453.61	2.502e+003
453.97	2.461e+003
454.34	2.514e+003
454.70	2.619e+003
455.07	2.590e+003
455.43	2.552e+003
455.80	2.520e+003
456.16	2.604e+003
456.53	2.585e+003
456.89	2.589e+003
457.26	2.548e+003
457.62	2.477e+003
457.99	2.567e+003
458.35	2.669e+003
458.71	2.689e+003
459.08	2.673e+003
459.44	2.676e+003
459.81	2.606e+003
460.17	2.693e+003
460.54	2.720e+003
460.90	2.694e+003
461.26	2.690e+003
461.63	2.597e+003
461.99	2.700e+003
462.36	2.707e+003
462.72	2.632e+003
463.08	2.706e+003
463.45	2.788e+003
463.81	2.791e+003
464.18	2.803e+003
464.54	2.705e+003
464.90	2.655e+003
465.27	2.713e+003
465.63	2.762e+003
466.00	2.700e+003
466.36	2.809e+003
466.72	2.738e+003
467.09	2.758e+003
467.45	2.748e+003
467.81	2.759e+003
468.18	2.825e+003
468.54	2.788e+003
468.90	2.802e+003
469.27	2.737e+003
469.63	2.772e+003
469.99	2.798e+003
470.36	2.705e+003
470.72	2.816e+003
471.08	2.726e+003
471.45	2.847e+003
471.81	2.776e+003
472.17	2.772e+003
472.54	2.788e+003
472.90	2.737e+003
473.26	2.735e+003
473.63	2.836e+003
473.99	2.842e+003
474.35	2.818e+003
474.71	2.807e+003
475.08	2.831e+003
475.44	2.813e+003
475.80	2.797e+003
476.17	2.806e+003
476.53	2.792e+003
476.89	2.812e+003
477.25	2.824e+003
477.62	2.751e+003
477.98	2.833e+003
478.34	2.788e+003
478.70	2.788e+003
479.07	2.777e+003
479.43	2.792e+003
479.79	2.806e+003
480.15	2.784e+003
480.51	2.764e+003
480.88	2.762e+003
481.24	2.765e+003
481.60	2.770e+003
481.96	2.719e+003
482.33	2.728e+003
482.69	2.732e+003
483.05	2.695e+003
483.41	2.706e+003
483.77	2.716e+003
484.14	2.706e+003
484.50	2.685e+003
484.86	2.688e+003
485.22	2.618e+003
485.58	2.635e+003
485.94	2.617e+003
486.31	2.646e+003
486.67	2.584e+003
487.03	2.613e+003
487.39	2.553e+003
487.75	2.509e+003
488.11	2.554e+003
488.48	2.494e+003
488.84	2.487e+003
489.20	2.491e+003
489.56	2.459e+003
489.92	2.448e+003
490.28	2.415e+003
490.64	2.398e+003
491.01	2.410e+003
491.37	2.396e+003
491.73	2.344e+003
492.09	2.330e+003
492.45	2.323e+003
492.81	2.280e+003
493.17	2.273e+003
493.53	2.261e+003
493.89	2.227e+003
494.25	2.229e+003
494.62	2.187e+003
494.98	2.168e+003
495.34	2.149e+003
495.70	2.129e+003
496.06	2.121e+003
496.42	2.091e+003
496.78	2.077e+003
497.14	2.086e+003
497.50	2.038e+003
497.86	2.019e+003
498.22	1.996e+003
498.58	1.985e+003
498.94	1.965e+003
499.30	1.941e+003
499.66	1.917e+003
500.02	1.912e+003
500.38	1.882e+003
500.74	1.851e+003
501.10	1.839e+003
501.46	1.822e+003
501.82	1.813e+003
502.18	1.801e+003
502.54	1.753e+003
502.90	1.717e+003
503.26	1.720e+003
503.62	1.714e+003
503.98	1.680e+003
504.34	1.663e+003
504.70	1.671e+003
505.06	1.597e+003
505.42	1.616e+003
505.78	1.585e+003
506.14	1.563e+003
506.50	1.544e+003
506.86	1.531e+003
507.22	1.537e+003
507.58	1.494e+003
507.94	1.463e+003
508.30	1.465e+003
508.66	1.428e+003
509.02	1.412e+003
509.38	1.405e+003
509.74	1.376e+003
510.10	1.365e+003
510.46	1.350e+003
510.81	1.345e+003
511.17	1.328e+003
511.53	1.319e+003
511.89	1.292e+003
512.25	1.266e+003
512.61	1.254e+003
512.97	1.245e+003
513.33	1.243e+003
513.69	1.213e+003
514.05	1.205e+003
514.40	1.183e+003
514.76	1.165e+003
515.12	1.160e+003
515.48	1.154e+003
515.84	1.152e+003
516.20	1.112e+003
516.56	1.105e+003
516.91	1.090e+003
517.27	1.076e+003
517.63	1.070e+003
517.99	1.057e+003
518.35	1.044e+003
518.71	1.023e+003
519.07	1.029e+003
519.42	9.960e+002
519.78	9.910e+002
520.14	9.900e+002
520.50	9.930e+002
520.86	9.720e+002
521.21	9.550e+002
521.57	9.490e+002
521.93	9.170e+002
522.29	9.310e+002
522.65	9.030e+002
523.00	8.810e+002
523.36	8.690e+002
523.72	8.710e+002
524.08	8.590e+002
524.43	8.620e+002
524.79	8.590e+002
525.15	8.370e+002
525.51	8.320e+002
525.87	8.170e+002
526.22	8.100e+002
526.58	7.900e+002
526.94	7.880e+002
527.30	7.770e+002
527.65	7.790e+002
528.01	7.650e+002
528.37	7.500e+002
528.72	7.490e+002
529.08	7.470e+002
529.44	7.280e+002
529.80	7.240e+002
530.15	7.180e+002
530.51	7.060e+002
530.87	7.040e+002
531.22	6.830e+002
531.58	6.880e+002
531.94	6.720e+002
532.30	6.480e+002
532.65	6.560e+002
533.01	6.480e+002
533.37	6.390e+002
533.72	6.350e+002
534.08	6.350e+002
534.44	6.210e+002
534.79	6.060e+002
535.15	5.980e+002
535.51	5.930e+002
535.86	5.910e+002
536.22	5.890e+002
536.57	5.800e+002
536.93	5.730e+002
537.29	5.670e+002
537.64	5.570e+002
538.00	5.530e+002
538.36	5.420e+002
538.71	5.400e+002
539.07	5.270e+002
539.42	5.290e+002
539.78	5.230e+002
540.14	5.040e+002
540.49	5.120e+002
540.85	4.970e+002
541.20	4.860e+002
541.56	4.820e+002
541.92	4.760e+002
542.27	4.840e+002
542.63	4.780e+002
542.98	4.610e+002
543.34	4.500e+002
543.69	4.500e+002
544.05	4.560e+002
544.41	4.460e+002
544.76	4.460e+002
545.12	4.250e+002
545.47	4.220e+002
545.83	4.140e+002
546.18	4.100e+002
546.54	4.040e+002
546.89	4.060e+002
547.25	3.990e+002
547.60	3.920e+002
547.96	3.730e+002
548.31	3.810e+002
548.67	3.860e+002
549.02	3.770e+002
549.38	3.700e+002
549.73	3.520e+002
550.09	3.610e+002
550.44	3.520e+002
550.80	3.540e+002
551.15	3.520e+002
551.51	3.450e+002
551.86	3.470e+002
552.22	3.340e+002
552.57	3.390e+002
552.93	3.350e+002
553.28	3.300e+002
553.64	3.250e+002
553.99	3.140e+002
554.35	3.150e+002
554.70	3.090e+002
555.05	3.090e+002
555.41	3.120e+002
555.76	2.980e+002
556.12	3.100e+002
556.47	2.920e+002
556.83	2.960e+002
557.18	2.880e+002
557.53	2.840e+002
557.89	2.740e+002
558.24	2.830e+002
558.60	2.740e+002
558.95	2.710e+002
559.30	2.660e+002
559.66	2.680e+002
560.01	2.580e+002
560.37	2.640e+002
560.72	2.550e+002
561.07	2.540e+002
561.43	2.460e+002
561.78	2.480e+002
562.13	2.430e+002
562.49	2.470e+002
562.84	2.400e+002
563.19	2.480e+002
563.55	2.330e+002
563.90	2.350e+002
564.25	2.290e+002
564.61	2.260e+002
564.96	2.230e+002
565.31	2.240e+002
565.67	2.120e+002
566.02	2.130e+002
566.37	2.140e+002
566.73	2.100e+002
567.08	2.090e+002
567.43	2.160e+002
567.79	2.050e+002
568.14	2.090e+002
568.49	2.040e+002
568.84	2.050e+002
569.20	1.980e+002
569.55	2.050e+002
569.90	1.920e+002
570.26	1.900e+002
570.61	2.000e+002
570.96	2.000e+002
571.31	1.900e+002
571.67	1.970e+002
572.02	1.950e+002
572.37	1.870e+002
572.72	1.770e+002
573.08	1.830e+002
573.43	1.830e+002
573.78	1.850e+002
574.13	1.770e+002
574.48	1.770e+002
574.84	1.800e+002
575.19	1.720e+002
575.54	1.740e+002
575.89	1.720e+002
576.24	1.670e+002
576.60	1.610e+002
576.95	1.680e+002
577.30	1.660e+002
577.65	1.560e+002
578.00	1.550e+002
578.36	1.520e+002
578.71	1.600e+002
579.06	1.570e+002
579.41	1.590e+002
579.76	1.560e+002
580.11	1.450e+002
580.46	1.510e+002
580.82	1.470e+002
581.17	1.440e+002
581.52	1.450e+002
581.87	1.430e+002
582.22	1.410e+002
582.57	1.390e+002
582.92	1.440e+002
583.28	1.340e+002
583.63	1.410e+002
583.98	1.360e+002
584.33	1.360e+002
584.68	1.350e+002
585.03	1.380e+002
585.38	1.270e+002
585.73	1.300e+002
586.08	1.290e+002
586.43	1.280e+002
586.78	1.310e+002
587.14	1.330e+002
587.49	1.240e+002
587.84	1.240e+002
588.19	1.230e+002
588.54	1.190e+002
588.89	1.210e+002
589.24	1.250e+002
589.59	1.230e+002
589.94	1.170e+002
590.29	1.170e+002
590.64	1.200e+002
590.99	1.190e+002
591.34	1.150e+002
591.69	1.160e+002
592.04	1.130e+002
592.39	1.070e+002
592.74	1.210e+002
593.09	1.070e+002
593.44	1.110e+002
593.79	1.080e+002
594.14	1.120e+002
594.49	1.130e+002
594.84	1.130e+002
595.19	1.050e+002
595.54	1.060e+002
595.89	1.060e+002
596.24	1.050e+002
596.59	1.030e+002
596.94	1.050e+002
597.29	1.040e+002
597.64	1.000e+002
597.99	9.800e+001
598.34	9.800e+001
598.69	1.050e+002
599.04	1.080e+002
599.39	1.020e+002
599.73	1.000e+002
600.08	9.600e+001
600.43	9.100e+001
600.78	8.800e+001
601.13	9.500e+001
601.48	9.400e+001
601.83	9.400e+001
602.18	9.200e+001
602.53	9.500e+001
602.88	9.100e+001
603.22	9.300e+001
603.57	9.300e+001
603.92	9.000e+001
604.27	8.900e+001
604.62	8.300e+001
604.97	9.000e+001
605.32	8.500e+001
605.67	9.100e+001
606.01	9.000e+001
606.36	8.900e+001
606.71	8.500e+001
607.06	8.500e+001
607.41	8.400e+001
607.76	7.800e+001
608.10	8.400e+001
608.45	9.100e+001
608.80	8.600e+001
609.15	8.700e+001
609.50	8.700e+001
609.84	8.000e+001
610.19	8.100e+001
610.54	8.200e+001
610.89	7.700e+001
611.24	8.300e+001
611.58	7.800e+001
611.93	8.300e+001
612.28	7.900e+001
612.63	8.500e+001
612.97	8.000e+001
613.32	7.800e+001
613.67	7.800e+001
614.02	7.900e+001
614.36	7.900e+001
614.71	8.200e+001
615.06	8.100e+001
615.41	7.300e+001
615.75	7.600e+001
616.10	7.800e+001
616.45	7.600e+001
616.80	7.800e+001
617.14	7.700e+001
617.49	7.500e+001
617.84	7.700e+001
618.18	7.000e+001
618.53	7.100e+001
618.88	7.500e+001
619.23	7.500e+001
619.57	7.900e+001
619.92	7.300e+001
620.27	7.800e+001
620.61	6.600e+001
620.96	7.300e+001
621.31	7.400e+001
621.65	6.900e+001
622.00	7.200e+001
622.35	7.100e+001
622.69	6.500e+001
623.04	7.500e+001
623.38	7.400e+001
623.73	6.900e+001
624.08	7.300e+001
624.42	7.300e+001
624.77	7.600e+001
625.12	7.400e+001
625.46	6.500e+001
625.81	7.500e+001
626.15	6.700e+001
626.50	7.100e+001
626.85	6.800e+001
627.19	6.900e+001
627.54	7.700e+001
627.88	6.600e+001
628.23	6.800e+001
628.58	6.300e+001
628.92	6.600e+001
629.27	7.200e+001
629.61	6.800e+001
629.96	7.200e+001
630.30	6.700e+001
630.65	6.500e+001
630.99	6.700e+001
631.34	6.500e+001
631.69	7.000e+001
632.03	6.300e+001
632.38	6.700e+001
632.72	6.600e+001
633.07	6.100e+001
633.41	6.700e+001
633.76	6.100e+001
634.10	6.700e+001
634.45	6.900e+001
634.79	6.200e+001
635.14	5.500e+001
635.48	6.600e+001
635.83	6.500e+001
636.17	6.200e+001
636.52	6.200e+001
636.86	6.400e+001
637.21	6.400e+001
637.55	6.400e+001
637.89	5.800e+001
638.24	6.500e+001
638.58	6.100e+001
638.93	6.100e+001
639.27	6.500e+001
639.62	6.200e+001
639.96	6.400e+001
640.31	5.600e+001
640.65	6.400e+001
640.99	6.300e+001
641.34	5.900e+001
641.68	6.000e+001
642.03	6.700e+001
642.37	6.400e+001
642.71	5.800e+001
643.06	6.300e+001
643.40	5.900e+001
643.75	6.100e+001
644.09	6.000e+001
644.43	5.800e+001
644.78	5.800e+001
645.12	6.300e+001
645.46	6.200e+001
645.81	5.800e+001
646.15	5.800e+001
646.50	6.000e+001
646.84	5.900e+001
647.18	6.100e+001
647.53	5.700e+001
647.87	5.800e+001
648.21	6.100e+001
648.56	5.600e+001
648.90	6.100e+001
649.24	6.100e+001
649.59	5.600e+001
649.93	6.000e+001
650.27	5.900e+001
650.61	5.600e+001
650.96	5.800e+001
651.30	5.500e+001
651.64	6.100e+001
651.99	5.600e+001
652.33	5.200e+001
652.67	6.100e+001
653.01	5.800e+001
653.36	5.400e+001
653.70	6.300e+001
654.04	5.700e+001
654.38	5.700e+001
654.73	5.900e+001
655.07	5.400e+001
655.41	5.900e+001
655.75	5.600e+001
656.10	5.200e+001
656.44	4.900e+001
656.78	5.400e+001
657.12	5.600e+001
657.47	5.500e+001
657.81	6.600e+001
658.15	5.300e+001
658.49	5.500e+001
658.83	5.200e+001
659.18	5.600e+001
659.52	5.700e+001
659.86	6.000e+001
660.20	6.400e+001
660.54	5.800e+001
660.88	5.600e+001
661.23	5.400e+001
661.57	5.400e+001
661.91	5.400e+001
662.25	5.500e+001
662.59	5.800e+001
662.93	5.800e+001
663.27	5.800e+001
663.62	5.800e+001
663.96	5.300e+001
664.30	5.800e+001
664.64	5.400e+001
664.98	5.800e+001
665.32	5.600e+001
665.66	5.200e+001
666.00	5.200e+001
666.34	5.300e+001
666.69	5.700e+001
667.03	5.800e+001
667.37	5.600e+001
667.71	5.600e+001
668.05	5.900e+001
668.39	5.300e+001
668.73	5.300e+001
669.07	5.100e+001
669.41	5.800e+001
669.75	5.600e+001
670.09	5.900e+001
670.43	5.700e+001
670.77	4.900e+001
671.11	5.200e+001
671.45	5.700e+001
671.79	4.900e+001
672.13	5.600e+001
672.47	5.700e+001
672.81	6.100e+001
673.16	5.200e+001
673.50	5.300e+001
673.84	5.400e+001
674.18	4.600e+001
674.51	6.100e+001
674.85	5.300e+001
675.19	5.600e+001
675.53	5.800e+001
675.87	5.300e+001
676.21	5.700e+001
676.55	5.600e+001
676.89	6.100e+001
677.23	5.200e+001
677.57	6.200e+001
677.91	5.200e+001
678.25	5.700e+001
678.59	5.900e+001
678.93	5.800e+001
679.27	5.400e+001
679.61	5.200e+001
679.95	5.700e+001
680.29	5.500e+001
680.63	5.600e+001
680.96	5.300e+001
681.30	5.000e+001
681.64	5.800e+001
681.98	5.200e+001
682.32	5.500e+001
682.66	5.900e+001
683.00	5.300e+001
683.34	4.900e+001
683.68	5.500e+001
684.01	5.600e+001
684.35	5.600e+001
684.69	5.300e+001
685.03	5.900e+001
685.37	5.500e+001
685.71	5.200e+001
686.05	5.000e+001
686.38	5.300e+001
686.72	5.800e+001
687.06	6.100e+001
687.40	5.100e+001
687.74	5.600e+001
688.07	5.300e+001
688.41	5.300e+001
688.75	5.600e+001
689.09	5.400e+001
689.43	5.200e+001
689.76	5.200e+001
690.10	5.100e+001
690.44	5.500e+001
690.78	5.400e+001
691.12	5.500e+001
691.45	5.000e+001
691.79	5.000e+001
692.13	5.200e+001
692.47	5.200e+001
692.80	5.200e+001
693.14	5.100e+001
693.48	5.300e+001
693.82	5.500e+001
694.15	5.600e+001
694.49	5.400e+001
694.83	5.400e+001
695.16	5.300e+001
695.50	5.400e+001
695.84	5.000e+001
696.18	4.800e+001
696.51	5.200e+001
696.85	5.200e+001
697.19	5.000e+001
697.52	5.100e+001
697.86	5.100e+001
698.20	5.400e+001
698.53	5.400e+001
698.87	5.300e+001
699.21	5.400e+001
699.54	5.000e+001
699.88	4.900e+001
700.22	5.500e+001
700.55	5.100e+001
700.89	5.700e+001
701.23	5.400e+001
701.56	5.100e+001
701.90	5.300e+001
702.23	5.300e+001
702.57	5.000e+001
702.91	5.300e+001
703.24	4.400e+001
703.58	5.600e+001
703.91	5.400e+001
704.25	4.900e+001
704.59	5.100e+001
704.92	5.100e+001
705.26	4.800e+001
705.59	5.000e+001
705.93	5.100e+001
706.27	5.200e+001
706.60	5.000e+001
706.94	5.200e+001
707.27	4.800e+001
707.61	4.900e+001
707.94	5.300e+001
708.28	5.700e+001
708.61	5.200e+001
708.95	5.500e+001
709.28	5.700e+001
709.62	5.000e+001
709.95	4.300e+001
710.29	4.900e+001
710.62	5.300e+001
710.96	5.000e+001
711.29	4.600e+001
711.63	5.200e+001
711.96	5.100e+001
712.30	4.500e+001
712.63	5.500e+001
712.97	5.200e+001
713.30	4.700e+001
713.64	5.500e+001
713.97	5.500e+001
714.31	5.900e+001
714.64	4.800e+001
714.98	5.000e+001
715.31	5.100e+001
715.64	4.800e+001
715.98	5.200e+001
716.31	5.400e+001
716.65	5.200e+001
716.98	5.700e+001
717.32	5.500e+001
717.65	5.500e+001
717.98	5.400e+001
718.32	5.100e+001
718.65	4.800e+001
718.99	4.900e+001
719.32	5.100e+001
719.65	5.500e+001
719.99	5.000e+001
720.32	5.800e+001
720.65	5.400e+001
720.99	4.600e+001
721.32	4.900e+001
721.66	5.200e+001
721.99	5.500e+001
722.32	5.100e+001
722.66	4.700e+001
722.99	5.600e+001
723.32	4.800e+001
723.66	4.700e+001
723.99	4.700e+001
724.32	5.100e+001
724.65	5.200e+001
724.99	5.100e+001
725.32	4.400e+001
725.65	5.600e+001
725.99	5.000e+001
726.32	5.000e+001
726.65	5.200e+001
726.99	5.700e+001
727.32	5.400e+001
727.65	5.300e+001
727.98	5.200e+001
728.32	5.100e+001
728.65	5.000e+001
728.98	4.800e+001
729.31	5.600e+001
729.65	5.300e+001
729.98	5.100e+001
730.31	5.400e+001
730.64	5.400e+001
730.97	4.800e+001
731.31	4.600e+001
731.64	5.000e+001
731.97	5.600e+001
732.30	5.100e+001
732.63	5.000e+001
732.97	5.600e+001
733.30	5.300e+001
733.63	5.100e+001
733.96	5.100e+001
734.29	4.900e+001
734.63	4.700e+001
734.96	5.600e+001
735.29	5.300e+001
735.62	5.500e+001
735.95	5.300e+001
736.28	5.400e+001
736.61	5.100e+001
736.95	5.200e+001
737.28	5.300e+001
737.61	6.100e+001
737.94	4.700e+001
738.27	5.000e+001
738.60	5.400e+001
738.93	5.100e+001
739.26	5.000e+001
739.60	5.400e+001
739.93	5.000e+001
740.26	5.200e+001
740.59	5.500e+001
740.92	5.400e+001
741.25	4.700e+001
741.58	5.500e+001
741.91	5.500e+001
742.24	4.500e+001
742.57	4.900e+001
742.90	5.300e+001
743.23	5.700e+001
743.56	5.100e+001
743.89	5.800e+001
744.22	5.800e+001
744.55	5.200e+001
744.88	5.000e+001
745.21	5.200e+001
745.54	5.100e+001
745.87	4.500e+001
746.20	5.100e+001
746.53	4.900e+001
746.86	5.400e+001
747.19	5.100e+001
747.52	5.000e+001
747.85	5.000e+001
748.18	5.500e+001
748.51	4.600e+001
748.84	5.300e+001
749.17	4.800e+001
749.50	5.100e+001
749.83	5.100e+001
750.16	5.300e+001
750.49	4.900e+001
750.82	5.200e+001
751.15	4.800e+001
751.48	5.500e+001
751.81	5.000e+001
752.14	5.600e+001
752.47	4.800e+001
752.80	5.300e+001
753.12	5.500e+001
753.45	4.900e+001
753.78	4.900e+001
754.11	5.000e+001
754.44	5.300e+001
754.77	5.400e+001
755.10	5.400e+001
755.43	4.800e+001
755.75	4.600e+001
756.08	6.000e+001
756.41	5.400e+001
756.74	4.900e+001
757.07	5.000e+001
757.40	5.300e+001
757.73	5.400e+001
758.05	4.300e+001
758.38	5.200e+001
758.71	4.800e+001
759.04	4.500e+001
759.37	4.700e+001
759.69	5.600e+001
760.02	4.900e+001
760.35	4.800e+001
760.68	4.700e+001
761.01	4.700e+001
761.33	4.700e+001
761.66	5.100e+001
761.99	5.000e+001
762.32	5.400e+001
762.64	5.300e+001
762.97	5.100e+001
763.30	5.300e+001
763.63	5.100e+001
763.95	5.200e+001
764.28	4.600e+001
764.61	5.100e+001
764.94	4.700e+001
765.26	4.800e+001
765.59	4.600e+001
765.92	4.700e+001
766.25	5.300e+001
766.57	5.100e+001
766.90	5.200e+001
767.23	5.300e+001
767.55	5.400e+001
767.88	5.200e+001
768.21	4.600e+001
768.53	4.900e+001
768.86	5.100e+001
769.19	5.300e+001
769.51	4.900e+001
769.84	5.000e+001
770.17	4.800e+001
770.49	4.700e+001
770.82	4.500e+001
771.15	4.300e+001
771.47	5.200e+001
771.80	5.400e+001
772.12	5.200e+001
772.45	5.600e+001
772.78	4.900e+001
773.10	5.400e+001
773.43	4.800e+001
773.75	4.700e+001
774.08	4.800e+001
774.41	5.200e+001
774.73	5.100e+001
775.06	5.200e+001
775.38	5.000e+001
775.71	5.500e+001
776.04	5.000e+001
776.36	4.900e+001
776.69	5.400e+001
777.01	4.700e+001
777.34	5.200e+001
777.66	5.000e+001
777.99	5.200e+001
778.31	4.900e+001
778.64	5.400e+001
778.96	5.700e+001
779.29	5.500e+001
779.61	4.900e+001
779.94	5.200e+001
780.26	5.300e+001
780.59	5.300e+001
780.91	4.900e+001
781.24	4.600e+001
781.56	5.400e+001
781.89	5.000e+001
782.21	4.900e+001
782.54	5.200e+001
782.86	5.100e+001
783.19	4.500e+001
783.51	5.000e+001
783.84	5.100e+001
784.16	4.700e+001
784.48	4.800e+001
784.81	4.500e+001
785.13	4.800e+001
785.46	4.900e+001
785.78	5.300e+001
786.10	5.300e+001
786.43	4.800e+001
786.75	5.400e+001
787.08	5.400e+001
787.40	5.300e+001
787.72	5.400e+001
788.05	4.900e+001
788.37	5.700e+001
788.70	4.900e+001
789.02	5.400e+001
789.34	5.000e+001
789.67	5.100e+001
789.99	4.800e+001
790.31	4.600e+001
790.64	5.100e+001
790.96	5.200e+001
791.28	4.900e+001
791.61	4.800e+001
791.93	5.000e+001
792.25	4.700e+001
792.58	5.200e+001
792.90	4.400e+001
793.22	5.500e+001
793.55	4.900e+001
793.87	4.800e+001
794.19	5.300e+001
794.51	5.300e+001
794.84	4.600e+001
795.16	4.800e+001
795.48	4.800e+001
795.80	5.200e+001
796.13	5.100e+001
796.45	4.700e+001
796.77	4.600e+001
797.09	4.800e+001
797.42	5.200e+001
797.74	5.100e+001
798.06	5.400e+001
798.38	5.100e+001
798.71	5.000e+001
799.03	5.900e+001
799.35	5.300e+001
799.67	5.100e+001
799.99	5.000e+001
800.32	5.100e+001
800.64	5.300e+001
800.96	4.900e+001
801.28	4.900e+001
801.60	5.300e+001
801.92	5.500e+001
802.25	5.200e+001
802.57	5.600e+001
802.89	5.300e+001
803.21	5.500e+001
803.53	5.100e+001
803.85	4.800e+001
804.17	4.800e+001
804.50	4.900e+001
804.82	5.400e+001
805.14	4.800e+001
805.46	5.100e+001
805.78	5.100e+001
806.10	5.400e+001
806.42	5.300e+001
806.74	5.400e+001
807.06	4.800e+001
807.38	5.000e+001
807.70	5.100e+001
808.03	4.800e+001
808.35	5.500e+001
808.67	4.800e+001
808.99	5.400e+001
809.31	5.200e+001
809.63	5.000e+001
809.95	5.200e+001
810.27	5.200e+001
810.59	5.000e+001
810.91	4.600e+001
811.23	5.700e+001
811.55	4.600e+001
811.87	5.000e+001
812.19	5.600e+001
812.51	5.200e+001
812.83	5.100e+001
813.15	4.900e+001
813.47	5.400e+001
813.79	5.100e+001
814.11	5.400e+001
814.43	4.900e+001
814.75	5.200e+001
815.07	5.100e+001
815.39	5.100e+001
815.71	4.200e+001
816.03	4.600e+001
816.35	5.400e+001
816.66	5.300e+001
816.98	4.600e+001
817.30	5.400e+001
817.62	5.100e+001
817.94	5.300e+001
818.26	5.700e+001
818.58	5.000e+001
818.90	5.100e+001
819.22	4.500e+001
819.54	4.600e+001
819.85	5.000e+001
820.17	5.000e+001
820.49	5.200e+001
820.81	4.800e+001
821.13	5.100e+001
821.45	5.600e+001
821.77	5.500e+001
822.08	5.300e+001
822.40	5.000e+001
822.72	5.700e+001
823.04	5.000e+001
823.36	5.100e+001
823.68	4.500e+001
823.99	5.100e+001
824.31	5.300e+001
824.63	4.800e+001
824.95	5.400e+001
825.27	5.100e+001
825.58	5.100e+001
825.90	5.100e+001
826.22	5.100e+001
826.54	5.300e+001
826.86	5.200e+001
827.17	5.000e+001
827.49	5.600e+001
827.81	4.500e+001
828.13	5.100e+001
828.44	4.700e+001
828.76	5.600e+001
829.08	5.100e+001
829.39	5.000e+001
829.71	5.000e+001
830.03	5.200e+001
830.35	5.000e+001
830.66	5.200e+001
830.98	5.000e+001
831.30	4.900e+001
831.61	4.800e+001
831.93	5.300e+001
832.25	5.000e+001
832.56	5.000e+001
832.88	4.800e+001
833.20	5.000e+001
833.51	4.600e+001
833.83	5.400e+001
834.15	5.400e+001
834.46	5.100e+001
834.78	4.600e+001
835.10	4.700e+001
835.41	5.000e+001
835.73	5.000e+001
836.05	5.300e+001
836.36	5.000e+001
836.68	4.800e+001
836.99	4.800e+001
837.31	4.900e+001
837.63	4.200e+001
837.94	5.200e+001
838.26	5.000e+001
838.57	5.500e+001
838.89	5.400e+001
839.20	5.000e+001
839.52	5.000e+001
839.84	5.100e+001
840.15	4.900e+001
840.47	4.500e+001
840.78	5.200e+001
841.10	4.900e+001
841.41	4.600e+001
841.73	4.700e+001
842.04	5.400e+001
842.36	5.200e+001
842.67	5.100e+001
842.99	5.100e+001
843.30	5.700e+001
843.62	5.100e+001
843.93	4.900e+001
844.25	5.200e+001
844.56	4.500e+001
844.88	4.900e+001
845.19	4.500e+001
845.51	5.400e+001
845.82	4.800e+001
846.14	5.200e+001
846.45	5.200e+001
846.76	5.000e+001
847.08	4.800e+001
847.39	4.900e+001
847.71	5.000e+001
848.02	5.200e+001
848.34	5.000e+001
848.65	5.200e+001
848.96	4.800e+001
849.28	5.100e+001
849.59	5.300e+001
849.91	5.000e+001
850.22	5.000e+001
850.53	4.700e+001
850.85	4.300e+001
851.16	5.000e+001
851.47	4.600e+001
851.79	4.900e+001
852.10	4.600e+001
852.41	5.000e+001
852.73	4.800e+001
853.04	5.100e+001
853.35	5.400e+001
853.67	4.900e+001
853.98	5.100e+001
854.29	4.800e+001
854.61	4.900e+001
854.92	5.000e+001
855.23	4.500e+001
855.55	5.100e+001
855.86	5.000e+001
856.17	4.800e+001
856.48	5.200e+001
856.80	5.000e+001
857.11	4.600e+001
857.42	4.900e+001
857.73	5.400e+001
858.05	4.600e+001
858.36	4.700e+001
858.67	5.100e+001
858.98	5.100e+001
859.30	5.200e+001
859.61	5.300e+001
859.92	5.100e+001
860.23	5.200e+001
860.55	5.000e+001
860.86	5.200e+001
861.17	4.800e+001
861.48	5.500e+001
861.79	5.000e+001
862.11	4.500e+001
862.42	4.300e+001
862.73	4.900e+001
863.04	5.000e+001
863.35	4.700e+001
863.66	4.900e+001
863.97	4.500e+001
864.29	5.000e+001
864.60	5.000e+001
864.91	5.000e+001
865.22	5.300e+001
865.53	4.700e+001
865.84	4.900e+001
866.15	5.000e+001
866.46	5.000e+001
866.78	4.500e+001
867.09	5.200e+001
867.40	5.200e+001
867.71	4.700e+001
868.02	5.400e+001
868.33	4.900e+001
868.64	5.400e+001
868.95	4.600e+001
869.26	5.000e+001
869.57	4.800e+001
869.88	4.900e+001
870.19	4.700e+001
870.50	5.000e+001
870.81	4.900e+001
871.12	4.700e+001
871.43	5.200e+001
871.74	4.600e+001
872.05	5.100e+001
872.36	5.100e+001
872.67	5.300e+001
872.98	5.400e+001
873.29	5.200e+001
873.60	5.000e+001
873.91	5.200e+001
874.22	4.900e+001
874.53	4.700e+001
874.84	4.800e+001
875.15	4.300e+001
875.46	5.000e+001
875.77	4.900e+001
876.08	4.500e+001
876.39	5.000e+001
876.70	4.800e+001
877.01	4.600e+001
877.32	4.500e+001
877.63	5.000e+001
877.94	4.700e+001
878.25	5.000e+001
878.55	5.400e+001
878.86	5.300e+001
879.17	5.100e+001
879.48	4.800e+001
879.79	5.300e+001
880.10	4.900e+001
880.41	5.300e+001
880.72	4.800e+001
881.02	4.800e+001
881.33	5.300e+001
881.64	5.200e+001
881.95	5.600e+001
882.26	5.000e+001
882.57	4.800e+001
882.87	4.900e+001
883.18	5.200e+001
883.49	4.400e+001
883.80	4.900e+001
884.11	4.700e+001
884.41	4.700e+001
884.72	5.200e+001
885.03	4.600e+001
885.34	5.300e+001
885.65	4.700e+001
885.95	5.100e+001
886.26	4.600e+001
886.57	4.700e+001
886.88	4.700e+001
887.18	4.800e+001
887.49	4.900e+001
887.80	4.900e+001
888.11	5.200e+001
888.41	4.800e+001
888.72	5.000e+001
889.03	4.900e+001
889.33	5.000e+001
889.64	4.600e+001
889.95	5.100e+001
890.26	4.700e+001
890.56	5.100e+001
890.87	4.700e+001
891.18	5.400e+001
891.48	4.800e+001
891.79	4.700e+001
892.10	5.000e+001
892.40	5.000e+001
892.71	4.900e+001
893.02	4.900e+001
893.32	5.000e+001
893.63	4.800e+001
893.93	5.300e+001
894.24	4.400e+001
894.55	4.800e+001
894.85	5.100e+001
895.16	4.600e+001
895.46	4.900e+001
895.77	4.900e+001
896.08	5.100e+001
896.38	5.200e+001
896.69	5.200e+001
896.99	4.700e+001
897.30	5.000e+001
897.61	4.500e+001
897.91	5.100e+001
898.22	5.000e+001
898.52	4.900e+001
898.83	5.100e+001
899.13	5.400e+001
899.44	4.800e+001
899.74	4.900e+001
900.05	4.800e+001
900.35	5.100e+001
900.66	5.200e+001
900.96	4.400e+001
901.27	5.300e+001
901.57	5.300e+001
901.88	4.800e+001
902.18	4.800e+001
902.49	4.700e+001
902.79	5.200e+001
903.10	4.500e+001
903.40	5.000e+001
903.71	4.300e+001
904.01	5.200e+001
904.31	5.100e+001
904.62	4.400e+001
904.92	5.100e+001
905.23	5.200e+001
905.53	4.900e+001
905.84	5.300e+001
906.14	4.800e+001
906.44	4.800e+001
906.75	4.900e+001
907.05	5.600e+001
907.36	5.000e+001
907.66	4.600e+001
907.96	4.700e+001
908.27	4.400e+001
908.57	4.700e+001
908.87	4.800e+001
909.18	4.800e+001
909.48	5.200e+001
909.78	4.800e+001
910.09	4.600e+001
910.39	4.800e+001
910.69	5.100e+001
911.00	5.200e+001
911.30	4.500e+001
911.60	4.700e+001
911.91	5.600e+001
912.21	4.400e+001
912.51	4.700e+001
912.82	4.700e+001
913.12	4.900e+001
913.42	4.600e+001
913.72	4.900e+001
914.03	4.500e+001
914.33	4.800e+001
914.63	4.900e+001
914.93	4.700e+001
915.24	5.100e+001
915.54	4.800e+001
915.84	5.100e+001
916.14	4.700e+001
916.45	4.800e+001
916.75	5.300e+001
917.05	4.700e+001
917.35	4.900e+001
917.65	4.900e+001
917.96	4.700e+001
918.26	4.800e+001
918.56	4.900e+001
918.86	5.100e+001
919.16	4.900e+001
919.46	5.000e+001
919.77	4.900e+001
920.07	4.800e+001
920.37	4.900e+001
920.67	4.600e+001
920.97	4.700e+001
921.27	4.800e+001
921.57	5.700e+001
921.87	4.700e+001
922.18	5.000e+001
922.48	5.500e+001
922.78	5.100e+001
923.08	5.200e+001
923.38	4.700e+001
923.68	4.800e+001
923.98	5.300e+001
924.28	5.600e+001
924.58	5.100e+001
924.88	5.400e+001
925.18	4.800e+001
925.48	5.000e+001
925.78	5.400e+001
926.09	4.900e+001
926.39	5.100e+001
926.69	5.000e+001
926.99	4.600e+001
927.29	4.200e+001
927.59	4.300e+001
927.89	4.800e+001
928.19	4.900e+001
928.49	5.300e+001
928.79	5.100e+001
929.09	5.100e+001
929.39	5.200e+001
929.69	4.500e+001
929.99	4.600e+001
930.28	5.100e+001
930.58	4.700e+001
930.88	4.800e+001
931.18	4.600e+001
931.48	5.600e+001
931.78	4.800e+001
932.08	5.200e+001
932.38	5.100e+001
932.68	4.900e+001
932.98	5.300e+001
933.28	4.600e+001
933.58	5.100e+001
933.88	4.500e+001
934.17	5.000e+001
934.47	5.300e+001
934.77	4.800e+001
935.07	4.800e+001
935.37	4.900e+001
935.67	4.900e+001
935.97	4.700e+001
936.26	4.400e+001
936.56	5.300e+001
936.86	4.600e+001
937.16	4.800e+001
937.46	4.500e+001
937.76	5.200e+001
938.05	5.400e+001
938.35	5.600e+001
938.65	4.500e+001
938.95	4.700e+001
939.25	4.800e+001
939.54	4.700e+001
939.84	5.200e+001
940.14	4.900e+001
940.44	5.000e+001
940.73	5.500e+001
941.03	5.100e+001
941.33	4.600e+001
941.63	5.300e+001
941.92	5.500e+001
942.22	4.400e+001
942.52	5.200e+001
942.82	4.800e+001
943.11	5.400e+001
943.41	4.800e+001
943.71	5.100e+001
944.00	5.100e+001
944.30	5.100e+001
944.60	5.200e+001
944.90	4.800e+001
945.19	4.800e+001
945.49	5.000e+001
945.79	4.800e+001
946.08	4.900e+001
946.38	4.300e+001
946.68	5.200e+001
946.97	5.000e+001
947.27	5.600e+001
947.56	5.300e+001
947.86	4.900e+001
948.16	4.900e+001
948.45	5.000e+001
948.75	4.800e+001
949.04	5.500e+001
949.34	5.400e+001
949.64	5.500e+001
949.93	5.100e+001
950.23	5.000e+001
950.52	4.900e+001
950.82	4.600e+001
951.12	5.200e+001
951.41	5.000e+001
951.71	5.000e+001
952.00	4.600e+001
952.30	5.000e+001
952.59	4.900e+001
952.89	4.900e+001
953.18	5.300e+001
953.48	5.100e+001
953.77	4.700e+001
954.07	5.600e+001
954.36	5.300e+001
954.66	4.700e+001
954.95	5.100e+001
955.25	4.300e+001
955.54	4.700e+001
955.84	4.800e+001
956.13	5.000e+001
956.43	4.800e+001
956.72	4.900e+001
957.02	4.800e+001
957.31	4.500e+001
957.60	4.600e+001
957.90	4.600e+001
958.19	5.100e+001
958.49	5.100e+001
958.78	4.900e+001
959.08	4.600e+001
959.37	4.700e+001
959.66	5.000e+001
959.96	5.000e+001
960.25	4.800e+001
960.54	5.100e+001
960.84	4.700e+001
961.13	5.300e+001
961.43	5.000e+001
961.72	4.900e+001
962.01	5.200e+001
962.31	5.000e+001
962.60	4.900e+001
962.89	4.400e+001
963.19	4.600e+001
963.48	4.900e+001
963.77	4.900e+001
964.07	5.100e+001
964.36	5.200e+001
964.65	4.600e+001
964.94	4.600e+001
965.24	5.000e+001
965.53	4.700e+001
965.82	4.700e+001
966.12	4.100e+001
966.41	4.700e+001
966.70	5.300e+001
966.99	4.800e+001
967.29	5.400e+001
967.58	4.900e+001
967.87	4.700e+001
968.16	5.000e+001
968.45	5.200e+001
968.75	4.400e+001
969.04	5.000e+001
969.33	5.000e+001
969.62	4.600e+001
969.91	4.900e+001
970.21	4.600e+001
970.50	5.100e+001
970.79	5.300e+001
971.08	5.300e+001
971.37	4.800e+001
971.66	4.800e+001
971.96	5.500e+001
972.25	5.100e+001
972.54	4.800e+001
972.83	4.800e+001
973.12	4.500e+001
973.41	5.100e+001
973.70	4.100e+001
973.99	4.500e+001
974.29	4.900e+001
974.58	4.900e+001
974.87	4.900e+001
975.16	4.900e+001
975.45	4.800e+001
975.74	5.100e+001
976.03	5.400e+001
976.32	4.700e+001
976.61	5.100e+001
976.90	5.500e+001
977.19	5.100e+001
977.48	5.100e+001
977.77	4.700e+001
978.06	5.100e+001
978.35	5.200e+001
978.64	4.400e+001
978.93	4.500e+001
979.22	4.600e+001
979.51	5.200e+001
979.80	4.900e+001
980.09	4.700e+001
980.38	5.000e+001
980.67	5.100e+001
980.96	4.800e+001
981.25	4.900e+001
981.54	5.000e+001
981.83	4.600e+001
982.12	5.000e+001
982.41	4.900e+001
982.70	5.100e+001
982.99	5.200e+001
983.28	4.800e+001
983.57	4.600e+001
983.86	4.300e+001
984.15	4.600e+001
984.43	4.800e+001
984.72	5.300e+001
985.01	4.900e+001
985.30	5.000e+001
985.59	5.600e+001
985.88	4.700e+001
986.17	5.500e+001
986.46	5.400e+001
986.74	4.500e+001
987.03	4.500e+001
987.32	5.000e+001
987.61	5.000e+001
987.90	4.600e+001
988.19	4.500e+001
988.47	4.900e+001
988.76	5.000e+001
989.05	4.900e+001
989.34	4.200e+001
989.63	4.200e+001
989.91	5.000e+001
990.20	5.500e+001
990.49	5.400e+001
990.78	5.100e+001
991.06	4.600e+001
991.35	4.600e+001
991.64	4.800e+001
991.93	5.200e+001
992.21	5.300e+001
992.50	5.200e+001
992.79	5.200e+001
993.08	5.000e+001
993.36	5.100e+001
993.65	4.800e+001
993.94	4.900e+001
994.22	5.100e+001
994.51	5.600e+001
994.80	5.200e+001
995.08	4.800e+001
995.37	4.800e+001
995.66	5.200e+001
995.94	4.400e+001
996.23	4.700e+001
996.52	5.400e+001
996.80	5.000e+001
997.09	5.300e+001
997.38	4.800e+001
997.66	5.000e+001
997.95	4.700e+001
998.24	4.300e+001
998.52	4.900e+001
998.81	4.600e+001
999.09	5.300e+001
999.38	4.900e+001
999.66	5.000e+001
999.95	4.300e+001
1000.24	5.200e+001
1000.52	5.100e+001
1000.81	4.900e+001
1001.09	5.400e+001
1001.38	5.100e+001
1001.66	4.800e+001
1001.95	4.800e+001
1002.23	5.200e+001
1002.52	5.100e+001
1002.80	4.500e+001
1003.09	5.200e+001
1003.37	5.100e+001
1003.66	5.300e+001
1003.94	5.200e+001
1004.23	5.500e+001
1004.51	5.300e+001
1004.80	5.000e+001
1005.08	4.600e+001
1005.37	4.900e+001
1005.65	4.900e+001
1005.94	5.000e+001
1006.22	4.900e+001
1006.51	4.700e+001
1006.79	5.200e+001
1007.07	5.000e+001
1007.36	4.500e+001
1007.64	5.200e+001
1007.93	5.400e+001
1008.21	4.900e+001
1008.50	4.800e+001
1008.78	4.700e+001
1009.06	4.800e+001
1009.35	5.300e+001
1009.63	4.900e+001
1009.91	5.100e+001
1010.20	5.000e+001
1010.48	4.700e+001
1010.76	5.300e+001
1011.05	5.200e+001
1011.33	4.300e+001
1011.61	4.700e+001
1011.90	5.400e+001
1012.18	4.800e+001
1012.46	4.800e+001
1012.75	5.100e+001
1013.03	5.200e+001
1013.31	4.400e+001
1013.60	5.000e+001
1013.88	5.000e+001
1014.16	4.900e+001
1014.44	4.800e+001
1014.73	4.400e+001
1015.01	4.600e+001
1015.29	5.000e+001
1015.57	5.200e+001
1015.86	4.400e+001
1016.14	4.800e+001
1016.42	4.400e+001
1016.70	4.800e+001
1016.99	5.300e+001
1017.27	4.800e+001
1017.55	5.000e+001
1017.83	4.500e+001
1018.11	4.800e+001
1018.39	4.500e+001
1018.68	5.200e+001
1018.96	4.900e+001
1019.24	5.300e+001
1019.52	5.000e+001
1019.80	4.700e+001
1020.08	4.800e+001
1020.37	5.100e+001
1020.65	5.100e+001
1020.93	4.800e+001
1021.21	5.200e+001
1021.49	4.700e+001